11.1,0.44,0.42,2.2,0.064,14,19,0.99758,3.25,0.57,10.4,red
8.3,0.2,0.49,1.7,0.04,34,169,0.9938,3.05,0.37,10.1,white
6.4,0.865,0.03,3.2,0.071,27,58,0.995,3.61,0.49,12.7,red
7.6,0.49,0.33,1.9,0.074,27,85,0.99706,3.41,0.58,9,red
7.5,0.42,0.45,9.1,0.029,20,125,0.996,3.12,0.36,10.1,white
7.6,0.95,0.03,2,0.09,7,20,0.9959,3.2,0.56,9.6,red
7.8,0.55,0.35,2.2,0.074,21,66,0.9974,3.25,0.56,9.2,red
7.6,0.63,0.03,2,0.08,27,43,0.99578,3.44,0.64,10.9,red
6.1,0.38,0.14,3.9,0.06,27,113,0.99344,3.07,0.34,9.2,white
7.5,0.51,0.02,1.7,0.084,13,31,0.99538,3.36,0.54,10.5,red
7.2,0.16,0.32,0.8,0.04,50,121,0.9922,3.27,0.33,10,white
8.3,0.715,0.15,1.8,0.089,10,52,0.9968,3.23,0.77,9.5,red
6.8,0.59,0.1,1.7,0.063,34,53,0.9958,3.41,0.67,9.7,red
7.7,0.49,0.26,1.9,0.062,9,31,0.9966,3.39,0.64,9.6,red
9.2,0.59,0.24,3.3,0.101,20,47,0.9988,3.26,0.67,9.6,red
5.8,0.32,0.31,2.7,0.049,25,153,0.99067,3.44,0.73,12.2,white
6.6,0.96,0,1.8,0.082,5,16,0.9936,3.5,0.44,11.9,red
6,0.54,0.06,1.8,0.05,38,89,0.99236,3.3,0.5,10.55,red
10,0.42,0.5,3.4,0.107,7,21,0.9979,3.26,0.93,11.8,red
5.5,0.16,0.26,1.5,0.032,35,100,0.99076,3.43,0.77,12,white
9.8,0.51,0.19,3.2,0.081,8,30,0.9984,3.23,0.58,10.5,red
6.9,0.52,0.25,2.6,0.081,10,37,0.99685,3.46,0.5,11,red
7.7,0.58,0.01,1.8,0.088,12,18,0.99568,3.32,0.56,10.5,red
7.2,0.53,0.13,2,0.058,18,22,0.99573,3.21,0.68,9.9,red
7.9,0.58,0.23,2.3,0.076,23,94,0.99686,3.21,0.58,9.5,red
9,0.46,0.31,2.8,0.093,19,98,0.99815,3.32,0.63,9.5,red
7.2,0.34,0.24,2,0.071,30,52,0.99576,3.44,0.58,10.1,red
7.9,0.54,0.34,2.5,0.076,8,17,0.99235,3.2,0.72,13.1,red
8.9,0.4,0.51,2.6,0.052,13,27,0.995,3.32,0.9,13.4,red
7.6,0.54,0.13,2.5,0.097,24,66,0.99785,3.39,0.61,9.4,red
9.9,0.27,0.49,5,0.082,9,17,0.99484,3.19,0.52,12.5,red
7.3,0.52,0.32,2.1,0.07,51,70,0.99418,3.34,0.82,12.9,red
11.3,0.34,0.45,2,0.082,6,15,0.9988,2.94,0.66,9.2,red
7.9,0.35,0.21,1.9,0.073,46,102,0.9964,3.27,0.58,9.5,red
7.8,0.23,0.28,4.75,0.042,45,166,0.9928,2.96,0.4,11.5,white
5.6,0.5,0.09,2.3,0.049,17,99,0.9937,3.63,0.63,13,red
6.2,0.3,0.17,2.8,0.04,24,125,0.9939,3.01,0.46,9,white
12.2,0.45,0.49,1.4,0.075,3,6,0.9969,3.13,0.63,10.4,red
8.2,0.23,0.37,1.3,0.042,39,117,0.9928,2.99,0.36,10,white
7.2,0.415,0.36,2,0.081,13,45,0.9972,3.48,0.64,9.2,red
8.7,0.42,0.45,2.4,0.072,32,59,0.99617,3.33,0.77,12,red
6.8,0.21,0.4,6.3,0.032,40,121,0.99214,3.18,0.53,12,white
8.9,0.24,0.39,1.6,0.074,3,10,0.99698,3.12,0.59,9.5,red
7,0.57,0.1,8.3,0.094,23,188,0.9972,3.4,0.47,9.2,white
7.7,0.56,0.08,2.5,0.114,14,46,0.9971,3.24,0.66,9.6,red
8.5,0.28,0.56,1.8,0.092,35,103,0.9969,3.3,0.75,10.5,red
9.1,0.29,0.33,2.05,0.063,13,27,0.99516,3.26,0.84,11.7,red
6.4,0.22,0.38,9.1,0.044,35,127,0.99326,2.97,0.3,11,white
7.3,0.19,0.27,13.9,0.057,45,155,0.99807,2.94,0.41,8.8,white
8.8,0.45,0.43,1.4,0.076,12,21,0.99551,3.21,0.75,10.2,red
6.4,0.29,0.57,1,0.06,15,120,0.9924,3.06,0.41,9.5,white
6.4,0.35,0.28,12.6,0.039,19,124,0.99539,3.2,0.43,10.6,white
6.9,0.14,0.38,1,0.041,22,81,0.99043,3.03,0.54,11.4,white
8,0.42,0.32,2.5,0.08,26,122,0.99801,3.22,1.07,9.7,red
7.9,0.29,0.31,7.35,0.034,37,154,0.9938,3.06,0.31,10.8,white
6.6,0.23,0.37,8.5,0.036,46,153,0.99576,3.2,0.48,9.4,white
6.8,0.27,0.29,4.6,0.046,6,88,0.99458,3.34,0.48,10.6,white
6.2,0.63,0.31,1.7,0.088,15,64,0.9969,3.46,0.79,9.3,red
7.7,0.42,0.31,9.2,0.048,22,221,0.9969,3.06,0.61,9.2,white
6.6,0.425,0.25,2.35,0.034,23,87,0.99082,3.05,0.41,11.4,white
7.4,0.16,0.3,13.7,0.056,33,168,0.99825,2.9,0.44,8.7,white
8.6,0.55,0.09,3.3,0.068,8,17,0.99735,3.23,0.44,10,red
7.7,0.28,0.3,2,0.062,18,34,0.9952,3.28,0.9,11.3,red
5.1,0.51,0.18,2.1,0.042,16,101,0.9924,3.46,0.87,12.9,red
7.9,0.17,0.32,1.6,0.053,47,150,0.9948,3.29,0.76,9.6,white
6.9,0.22,0.49,7,0.063,50,168,0.9957,3.54,0.5,10.3,white
6.3,0.28,0.22,11.5,0.036,27,150,0.99445,3,0.33,10.6,white
6.3,0.2,0.26,4.7,0.04,108,168,0.99278,3.07,0.75,10.7,white
6.2,0.23,0.38,1.6,0.044,12,113,0.99176,3.3,0.73,11.4,white
7.7,0.23,0.31,10.7,0.038,59,186,0.9969,3.12,0.55,9.5,white
8.6,0.83,0,2.8,0.095,17,43,0.99822,3.33,0.6,10.4,red
7.8,0.63,0.48,1.7,0.1,14,96,0.9961,3.19,0.62,9.5,red
7.6,0.715,0,2.1,0.068,30,35,0.99533,3.48,0.65,11.4,red
8.9,0.27,0.34,10.7,0.029,19.5,166,0.99669,3.13,0.48,10.6,white
8.3,0.78,0.1,2.6,0.081,45,87,0.9983,3.48,0.53,10,red
8.1,0.38,0.48,1.8,0.157,5,17,0.9976,3.3,1.05,9.4,red
8.7,0.31,0.46,1.4,0.059,11,25,0.9966,3.36,0.76,10.1,red
11,0.26,0.68,2.55,0.085,10,25,0.997,3.18,0.61,11.8,red
8.6,0.37,0.65,6.4,0.08,3,8,0.99817,3.27,0.58,11,red
9.3,0.49,0.36,1.7,0.081,3,14,0.99702,3.27,0.78,10.9,red
6.9,0.24,0.33,12.5,0.046,47,153,0.9983,3.28,0.77,9.6,white
8.4,0.25,0.39,2,0.041,4,10,0.99386,3.27,0.71,12.5,red
9,0.62,0.04,1.9,0.146,27,90,0.9984,3.16,0.7,9.4,red
7.3,0.2,0.29,19.5,0.039,69,237,1.00037,3.1,0.48,9.2,white
7.3,0.44,0.2,1.6,0.049,24,64,0.9935,3.38,0.57,11.7,red
9.5,0.78,0.22,1.9,0.077,6,32,0.9988,3.26,0.56,10.6,red
9.3,0.715,0.24,2.1,0.07,5,20,0.9966,3.12,0.59,9.9,red
8.1,0.33,0.44,1.5,0.042,6,12,0.99542,3.35,0.61,10.7,red
11.3,0.62,0.67,5.2,0.086,6,19,0.9988,3.22,0.69,13.4,red
8.2,0.635,0.1,2.1,0.073,25,60,0.99638,3.29,0.75,10.9,red
6.7,0.42,0.27,8.6,0.068,24,148,0.9948,3.16,0.57,11.3,red
6.4,0.5,0.16,12.9,0.042,26,138,0.9974,3.28,0.33,9,white
7.9,0.69,0.21,2.1,0.08,33,141,0.9962,3.25,0.51,9.9,red
7,0.4,0.25,1.8,0.05,51,189,0.99174,3,0.55,11.4,white
6.4,0.3,0.3,2.25,0.038,8,210,0.9937,3.2,0.62,9.9,white
6.5,0.24,0.32,7.6,0.038,48,203,0.9958,3.45,0.54,9.7,white
5.2,0.645,0,2.15,0.08,15,28,0.99444,3.78,0.61,12.5,red
8.3,0.21,0.58,17.1,0.049,62,213,1.0006,3.01,0.51,9.3,white
7.2,0.52,0.07,1.4,0.074,5,20,0.9973,3.32,0.81,9.6,red
8.9,0.29,0.35,1.9,0.067,25,57,0.997,3.18,1.36,10.3,red
8.9,0.28,0.45,1.7,0.067,7,12,0.99354,3.25,0.55,12.3,red
8.8,0.55,0.04,2.2,0.119,14,56,0.9962,3.21,0.6,10.9,red
7.5,0.23,0.68,11,0.047,37,133,0.9978,2.99,0.38,8.8,white
6.4,0.53,0.09,3.9,0.123,14,31,0.9968,3.5,0.67,11,red
5.5,0.16,0.22,4.5,0.03,30,102,0.9938,3.24,0.36,9.4,white
6.4,0.13,0.28,0.9,0.045,32,87,0.99175,3.47,0.52,11.2,white
6.9,0.4,0.3,10.6,0.033,24,87,0.99265,3.15,0.45,12.8,white
6.6,0.56,0.14,2.4,0.064,13,29,0.99397,3.42,0.62,11.7,red
6.4,0.29,0.3,6.5,0.209,62,156,0.99478,3.1,0.4,9.4,white
6.4,0.27,0.19,2,0.084,21,191,0.99516,3.49,0.63,9.6,white
7.2,0.4,0.24,8.5,0.055,45,151,0.99626,3.2,0.52,9.2,white
9.9,0.63,0.24,2.4,0.077,6,33,0.9974,3.09,0.57,9.4,red
6.6,0.16,0.34,1.1,0.037,41,115,0.9899,3.01,0.68,12,white
8.6,0.16,0.49,7.3,0.043,9,63,0.9953,3.13,0.59,10.5,white
6.2,0.33,0.14,4.8,0.052,27,128,0.99475,3.21,0.48,9.4,white
8.6,0.49,0.28,1.9,0.11,20,136,0.9972,2.93,1.95,9.9,red
6.7,0.44,0.31,1.9,0.03,41,104,0.99,3.29,0.62,12.6,white
6.9,0.58,0.01,1.9,0.08,40,54,0.99683,3.4,0.73,9.7,red
7.5,0.18,0.31,11.7,0.051,24,94,0.997,3.19,0.44,9.5,white
7.8,0.53,0.01,1.6,0.077,3,19,0.995,3.16,0.46,9.8,red
6.4,0.23,0.37,7.9,0.05,60,150,0.99488,2.86,0.49,9.3,white
9.1,0.45,0.35,2.4,0.08,23,78,0.9987,3.38,0.62,9.5,red
9.3,0.61,0.26,3.4,0.09,25,87,0.99975,3.24,0.62,9.7,red
8.2,0.28,0.42,1.8,0.031,30,93,0.9917,3.09,0.39,11.4,white
7.9,0.27,0.27,1.7,0.034,25,122,0.99088,2.97,0.51,11.9,white
6.3,0.22,0.22,5.6,0.039,31,128,0.99296,3.12,0.46,10.4,white
8.3,0.6,0.25,2.2,0.118,9,38,0.99616,3.15,0.53,9.8,red
7.3,0.26,0.33,11.8,0.057,48,127,0.99693,3.1,0.55,10,white
6.5,0.24,0.36,2.2,0.027,36,134,0.9898,3.28,0.36,12.5,white
7.8,0.43,0.32,2.8,0.08,29,58,0.9974,3.31,0.64,10.3,red
6.8,0.23,0.31,2.8,0.047,40,122,0.99126,3.06,0.64,10.9,white
6.8,0.3,0.23,4.6,0.061,50.5,238.5,0.9958,3.32,0.6,9.5,white
10.6,0.83,0.37,2.6,0.086,26,70,0.9981,3.16,0.52,9.9,red
6.5,0.51,0.25,1.7,0.048,39,177,0.99212,3.28,0.57,10.6,white
7.1,0.32,0.24,13.1,0.05,52,204,0.998,3.1,0.49,8.8,white
7.3,0.16,0.35,1.5,0.036,29,108,0.99342,3.27,0.51,10.2,white
12.2,0.45,0.49,1.4,0.075,3,6,0.9969,3.13,0.63,10.4,red
7.9,0.49,0.32,1.9,0.082,17,144,0.9968,3.2,0.55,9.5,red
5,0.455,0.18,1.9,0.036,33,106,0.98746,3.21,0.83,14,white
6.8,0.68,0.21,2.1,0.07,9,23,0.99546,3.38,0.6,10.3,red
5.2,0.25,0.23,1.4,0.047,20,77,0.99001,3.32,0.62,11.4,white
7,0.16,0.25,14.3,0.044,27,149,0.998,2.91,0.46,9.2,white
6.4,0.18,0.35,1,0.045,39,108,0.9911,3.31,0.35,10.9,white
7.8,0.13,0.3,1.8,0.04,43,179,0.9955,3.43,0.41,9,white
6.4,0.45,0.07,1.1,0.03,10,131,0.9905,2.97,0.28,10.8,white
7.6,0.39,0.31,2.3,0.082,23,71,0.9982,3.52,0.65,9.7,red
8.2,0.7,0.23,2,0.099,14,81,0.9973,3.19,0.7,9.4,red
6.6,0.18,0.28,1.7,0.041,53,161,0.99207,3.13,0.45,10.2,white
5.7,0.21,0.32,1.6,0.03,33,122,0.99044,3.33,0.52,11.9,white
6.6,0.36,0.21,1.5,0.049,39,184,0.9928,3.18,0.41,9.9,white
8.4,0.31,0.31,0.95,0.021,52,148,0.99038,2.93,0.32,11.5,white
5.7,0.12,0.26,5.5,0.034,21,99,0.99324,3.09,0.57,9.9,white
5.9,0.23,0.28,8.6,0.046,37,142,0.99432,3.23,0.53,10.6,white
9.4,0.24,0.29,8.5,0.037,124,208,0.99395,2.9,0.38,11,white
10.8,0.26,0.45,3.3,0.06,20,49,0.9972,3.13,0.54,9.6,red
6.1,0.22,0.49,1.5,0.051,18,87,0.9928,3.3,0.46,9.6,white
9.9,0.59,0.07,3.4,0.102,32,71,1.00015,3.31,0.71,9.8,red
5.9,0.2,0.4,1.3,0.047,23,92,0.99232,3.2,0.45,10,white
7,0.6,0.3,4.5,0.068,20,110,0.99914,3.3,1.17,10.2,red
7.5,0.52,0.4,2.2,0.06,12,20,0.99474,3.26,0.64,11.8,red
8.4,0.39,0.1,1.7,0.075,6,25,0.99581,3.09,0.43,9.7,red
6.1,0.28,0.25,12.9,0.054,34,189,0.9979,3.25,0.43,9,white
7.6,0.36,0.48,13.5,0.038,44,116,0.9982,3.04,0.48,9.2,white
6.5,0.5,0.22,4.1,0.036,35,131,0.9902,3.26,0.55,13,white
6.4,0.105,0.29,1.1,0.035,44,140,0.99142,3.17,0.55,10.7,white
11.4,0.6,0.49,2.7,0.085,10,41,0.9994,3.15,0.63,10.5,red
9.1,0.785,0,2.6,0.093,11,28,0.9994,3.36,0.86,9.4,red
8,0.25,0.13,17.2,0.036,49,219,0.9996,2.96,0.46,9.7,white
8.2,0.18,0.28,8.5,0.035,41,140,0.9952,3.04,0.37,10.1,white
6.4,0.24,0.23,7.3,0.069,31,157,0.9962,3.25,0.53,9.1,white
5.2,0.21,0.31,1.7,0.048,17,61,0.98953,3.24,0.37,12,white
7.1,0.09,0.3,6.2,0.032,24,134,0.993,2.99,0.39,10.9,white
7.7,0.64,0.21,2.2,0.077,32,133,0.9956,3.27,0.45,9.9,red
6.5,0.34,0.28,1.8,0.041,43,188,0.9928,3.13,0.37,9.6,white
6,0.39,0.13,1.2,0.042,60,172,0.99114,3.06,0.52,10.6,white
7.2,0.22,0.35,5.5,0.054,37,183,0.99474,3.08,0.5,10.3,white
7.7,0.24,0.31,1.3,0.047,33,106,0.993,3.22,0.55,10.8,white
6.3,0.28,0.47,11.2,0.04,61,183,0.99592,3.12,0.51,9.5,white
5.9,0.32,0.33,2.1,0.027,35,138,0.98945,3.37,0.42,12.7,white
7.5,0.59,0.22,1.8,0.082,43,60,0.99499,3.1,0.42,9.2,red
5.7,0.25,0.26,12.5,0.049,52.5,106,0.99691,3.08,0.45,9.4,white
7.2,0.23,0.39,14.2,0.058,49,192,0.9979,2.98,0.48,9,white
6.7,0.37,0.41,6.3,0.061,22,149,0.9953,3.16,0.47,9.6,white
6.6,0.32,0.24,1.3,0.06,42.5,204,0.99512,3.59,0.51,9.2,white
7.5,0.33,0.32,11.1,0.036,25,119,0.9962,3.15,0.34,10.5,white
6.1,0.22,0.49,1.5,0.051,18,87,0.9928,3.3,0.46,9.6,white
5.7,0.25,0.32,12.2,0.041,43,127,0.99524,3.23,0.53,10.4,white
8.3,0.28,0.48,2.1,0.093,6,12,0.99408,3.26,0.62,12.4,red
12.8,0.615,0.66,5.8,0.083,7,42,1.0022,3.07,0.73,10,red
6.9,0.25,0.4,1.3,0.038,22,101,0.9901,3.03,0.39,11.4,white
6.2,0.25,0.54,7,0.046,58,176,0.99454,3.19,0.7,10.4,white
6.2,0.2,0.33,5.4,0.028,21,75,0.99012,3.36,0.41,13.5,white
7,0.69,0.07,2.5,0.091,15,21,0.99572,3.38,0.6,11.3,red
10,0.59,0.31,2.2,0.09,26,62,0.9994,3.18,0.63,10.2,red
7.9,0.345,0.51,15.3,0.047,54,171,0.9987,3.09,0.51,9.1,white
6.6,0.64,0.28,4.4,0.032,19,78,0.99036,3.11,0.62,12.9,white
7.4,0.2,0.36,1.2,0.038,44,111,0.9926,3.36,0.34,9.9,white
12.7,0.6,0.49,2.8,0.075,5,19,0.9994,3.14,0.57,11.4,red
5.6,0.21,0.24,4.4,0.027,37,150,0.991,3.3,0.31,11.5,white
7.7,0.27,0.68,3.5,0.358,5,10,0.9972,3.25,1.08,9.9,red
6.4,0.28,0.19,5.4,0.042,67,181,0.99435,3.31,0.35,10.2,white
7.8,0.2,0.28,10.2,0.054,78,186,0.997,3.14,0.46,10,white
9,0.43,0.34,2.5,0.08,26,86,0.9987,3.38,0.62,9.5,red
7.4,0.39,0.48,2,0.082,14,67,0.9972,3.34,0.55,9.2,red
7.4,0.31,0.26,8.6,0.048,47,206,0.9964,3.26,0.36,9.1,white
5.8,0.32,0.28,4.3,0.032,46,115,0.98946,3.16,0.57,13,white
9.5,0.39,0.41,8.9,0.069,18,39,0.99859,3.29,0.81,10.9,red
7.1,0.36,0.3,1.6,0.08,35,70,0.99693,3.44,0.5,9.4,red
8.4,0.58,0.27,12.15,0.033,37,116,0.9959,2.99,0.39,10.8,white
5.4,0.18,0.24,4.8,0.041,30,113,0.99445,3.42,0.4,9.4,white
6.8,0.22,0.31,1.4,0.053,34,114,0.9929,3.39,0.77,10.6,white
6.9,0.41,0.33,2.2,0.081,22,36,0.9949,3.41,0.75,11.1,red
9.2,0.54,0.31,2.3,0.112,11,38,0.99699,3.24,0.56,10.9,red
5,0.235,0.27,11.75,0.03,34,118,0.9954,3.07,0.5,9.4,white
6.8,0.36,0.32,1.8,0.067,4,8,0.9928,3.36,0.55,12.8,red
6,0.42,0.19,2,0.075,22,47,0.99522,3.39,0.78,10,red
5.6,0.5,0.09,2.3,0.049,17,99,0.9937,3.63,0.63,13,red
9.6,0.56,0.31,2.8,0.089,15,46,0.9979,3.11,0.92,10,red
8.4,0.665,0.61,2,0.112,13,95,0.997,3.16,0.54,9.1,red
6.9,0.3,0.21,15.7,0.056,49,159,0.99827,3.11,0.48,9,white
8,0.81,0.25,3.4,0.076,34,85,0.99668,3.19,0.42,9.2,red
6.6,0.24,0.35,7.7,0.031,36,135,0.9938,3.19,0.37,10.5,white
7.4,0.635,0.1,2.4,0.08,16,33,0.99736,3.58,0.69,10.8,red
5.5,0.32,0.45,4.9,0.028,25,191,0.9922,3.51,0.49,11.5,white
7.6,0.29,0.49,2.7,0.092,25,60,0.9971,3.31,0.61,10.1,red
6.8,0.17,0.34,2,0.04,38,111,0.99,3.24,0.45,12.9,white
7.8,0.58,0.02,2,0.073,9,18,0.9968,3.36,0.57,9.5,red
6.8,0.81,0.05,2,0.07,6,14,0.99562,3.51,0.66,10.8,red
7.5,0.52,0.42,2.3,0.087,8,38,0.9972,3.58,0.61,10.5,red
6.4,0.29,0.57,1,0.06,15,120,0.9924,3.06,0.41,9.5,white
7,0.975,0.04,2,0.087,12,67,0.99565,3.35,0.6,9.4,red
6.6,0.35,0.26,2.7,0.045,19,129,0.98952,3.24,0.48,13,white
7.1,0.735,0.16,1.9,0.1,15,77,0.9966,3.27,0.64,9.3,red
8.6,0.45,0.31,2.6,0.086,21,50,0.9982,3.37,0.91,9.9,red
7.3,0.815,0.09,11.4,0.044,45,204,0.99713,3.15,0.46,9,white
6.9,0.52,0.25,2.6,0.081,10,37,0.99685,3.46,0.5,11,red
8.7,0.24,0.35,0.6,0.042,11,71,0.9926,3.08,0.38,10.6,white
9.1,0.22,0.24,2.1,0.078,1,28,0.999,3.41,0.87,10.3,red
6.8,0.18,0.35,5.4,0.054,53,143,0.99287,3.1,0.54,11,white
6.5,0.27,0.19,6.6,0.045,98,175,0.99364,3.16,0.34,10.1,white
6.4,0.57,0.02,1.8,0.067,4,11,0.997,3.46,0.68,9.5,red
6.8,0.21,0.31,2.9,0.046,40,121,0.9913,3.07,0.65,10.9,white
6,0.19,0.71,1.5,0.152,9,55,0.9927,3.12,0.46,9.8,white
5.8,0.33,0.2,16.05,0.047,26,166,0.9976,3.09,0.46,8.9,white
9.5,0.46,0.24,2.7,0.092,14,44,0.998,3.12,0.74,10,red
6.9,0.84,0.21,4.1,0.074,16,65,0.99842,3.53,0.72,9.25,red
7.7,0.775,0.42,1.9,0.092,8,86,0.9959,3.23,0.59,9.5,red
7.1,0.2,0.31,7.4,0.053,32,211,0.99587,3.31,0.59,10.4,white
8.5,0.17,0.31,1,0.024,13,91,0.993,2.79,0.37,10.1,white
6.6,0.25,0.31,1.5,0.035,32,127,0.9921,3.41,0.47,11.3,white
6.4,0.56,0.15,1.8,0.078,17,65,0.99294,3.33,0.6,10.5,red
6.4,0.24,0.49,5.8,0.053,25,120,0.9942,3.01,0.98,10.5,white
6.5,0.43,0.28,11.25,0.032,31,87,0.9922,3.02,0.38,12.4,white
6,0.39,0.26,2.7,0.038,39,187,0.99325,3.41,0.5,10.8,white
9.4,0.3,0.56,2.8,0.08,6,17,0.9964,3.15,0.92,11.7,red
9.2,0.56,0.18,1.6,0.078,10,21,0.99576,3.15,0.49,9.9,red
7.3,0.45,0.36,5.9,0.074,12,87,0.9978,3.33,0.83,10.5,red
7,0.48,0.12,4.5,0.05,23,86,0.99398,2.86,0.35,9,white
6.9,0.19,0.4,1.4,0.036,14,55,0.9909,3.08,0.68,11.5,white
6.9,0.49,0.1,2.3,0.074,12,30,0.9959,3.42,0.58,10.2,red
7.6,0.49,0.33,1.9,0.074,27,85,0.99706,3.41,0.58,9,red
7.2,0.31,0.41,8.6,0.053,15,89,0.9976,3.29,0.64,9.9,white
7.2,0.17,0.41,1.6,0.052,24,126,0.99228,3.19,0.49,10.8,white
7.2,0.33,0.22,4.5,0.031,10,73,0.99076,2.97,0.52,12.2,white
7.7,0.27,0.34,1.8,0.028,26,168,0.9911,2.99,0.48,12.1,white
7.8,0.39,0.42,2,0.086,9,21,0.99526,3.39,0.66,11.6,red
6.7,0.28,0.28,2.4,0.012,36,100,0.99064,3.26,0.39,11.7,red
6.8,0.3,0.33,12.8,0.041,60,168,0.99659,3.1,0.56,9.8,white
10.4,0.34,0.58,3.7,0.174,6,16,0.997,3.19,0.7,11.3,red
5.7,1.13,0.09,1.5,0.172,7,19,0.994,3.5,0.48,9.8,red
6.2,0.64,0.09,2.5,0.081,15,26,0.99538,3.57,0.63,12,red
6.5,0.23,0.25,17.3,0.046,15,110,0.99828,3.15,0.42,9.2,white
8.3,0.14,0.26,1.5,0.049,56,189,0.9946,3.21,0.62,9.5,white
7.2,0.67,0,2.2,0.068,10,24,0.9956,3.42,0.72,11.1,red
7.4,0.18,0.36,13.1,0.056,72,163,1,3.42,0.35,9.1,white
6.6,0.35,0.19,10.5,0.06,15,82,0.99588,3.13,0.38,9.9,white
7.2,0.51,0.24,10,0.093,35,197,0.9981,3.41,0.47,9,white
10.7,0.67,0.22,2.7,0.107,17,34,1.0004,3.28,0.98,9.9,red
7.2,0.32,0.3,8.25,0.02,14,104,0.99362,2.99,0.44,11.4,white
5.9,0.24,0.3,2,0.033,28,92,0.99225,3.39,0.69,10.9,white
6.8,0.26,0.22,7.7,0.047,57,210,0.9959,3.1,0.47,9,white
7.7,0.3,0.42,14.3,0.045,45,213,0.9991,3.18,0.63,9.2,white
10.2,0.54,0.37,15.4,0.214,55,95,1.00369,3.18,0.77,9,red
5.6,0.605,0.05,2.4,0.073,19,25,0.99258,3.56,0.55,12.9,red
7.6,0.735,0.02,2.5,0.071,10,14,0.99538,3.51,0.71,11.7,red
6.9,0.44,0,1.4,0.07,32,38,0.99438,3.32,0.58,11.4,red
5,0.35,0.25,7.8,0.031,24,116,0.99241,3.39,0.4,11.3,white
7,0.54,0,2.1,0.079,39,55,0.9956,3.39,0.84,11.4,red
8.1,0.87,0,2.2,0.084,10,31,0.99656,3.25,0.5,9.8,red
8.5,0.22,0.34,0.7,0.04,5,25,0.9918,3.04,0.37,10.5,white
6.1,0.4,0.16,1.8,0.069,11,25,0.9955,3.42,0.74,10.1,red
6.3,0.2,0.19,12.3,0.048,54,145,0.99668,3.16,0.42,9.3,white
7.1,0.29,0.34,7.8,0.036,49,128,0.99397,3.21,0.4,10.7,white
8,0.23,0.41,1.1,0.048,35,150,0.99168,3.09,0.47,11.2,white
7.1,0.26,0.32,14.45,0.074,29,107,0.998,2.96,0.42,9.2,white
7.2,0.635,0.07,2.6,0.077,16,86,0.99748,3.51,0.54,9.7,red
7.4,0.28,0.36,1.1,0.028,42,105,0.9893,2.99,0.39,12.4,white
4.9,0.33,0.31,1.2,0.016,39,150,0.98713,3.33,0.59,14,white
7.4,0.37,0.35,5.7,0.061,12,94,0.9965,3.48,0.69,10.7,white
7.4,0.21,0.3,8.1,0.047,13,114,0.9941,3.12,0.35,10.5,white
9.5,0.885,0.27,2.3,0.084,31,145,0.9978,3.24,0.53,9.4,red
10.5,0.39,0.46,2.2,0.075,14,27,0.99598,3.06,0.84,11.4,red
6.7,0.2,0.24,6.5,0.044,28,100,0.99348,3.12,0.33,10.2,white
6.8,0.37,0.51,11.8,0.044,62,163,0.9976,3.19,0.44,8.8,white
5.9,0.42,0.36,2.4,0.034,19,77,0.99184,3.25,0.48,10.9,white
9.3,0.33,0.45,1.5,0.057,19,37,0.99498,3.18,0.89,11.1,red
7.1,0.59,0.01,2.5,0.077,20,85,0.99746,3.55,0.59,9.8,red
9.8,0.25,0.74,10,0.056,36,225,0.9977,3.06,0.43,10,white
7.5,0.58,0.56,3.1,0.153,5,14,0.99476,3.21,1.03,11.6,red
10.1,0.28,0.46,1.8,0.05,5,13,0.9974,3.04,0.79,10.2,red
5.2,0.32,0.25,1.8,0.103,13,50,0.9957,3.38,0.55,9.2,red
6.3,0.2,0.3,5.9,0.034,35,152,0.99642,3.47,0.4,8.5,white
7.4,0.16,0.49,1.2,0.055,18,150,0.9917,3.23,0.47,11.2,white
8.3,0.16,0.48,1.7,0.057,31,98,0.9943,3.15,0.41,10.3,white
7.9,0.545,0.06,4,0.087,27,61,0.9965,3.36,0.67,10.7,red
6.7,0.75,0.01,2.4,0.078,17,32,0.9955,3.55,0.61,12.8,red
6.8,0.59,0.06,6,0.06,11,18,0.9962,3.41,0.59,10.8,red
6.3,0.21,0.4,1.7,0.031,48,134,0.9917,3.42,0.49,11.5,white
5.7,0.18,0.26,2.2,0.023,21,95,0.9893,3.07,0.54,12.3,white
7,0.15,0.3,13.3,0.049,46,120,0.99704,3.2,0.36,9.5,white
12.3,0.5,0.49,2.2,0.089,5,14,1.0002,3.19,0.44,9.6,red
6.4,0.31,0.28,1.5,0.037,12,119,0.9919,3.32,0.51,10.4,white
6.6,0.24,0.33,10.1,0.032,8,81,0.99626,3.19,0.51,9.8,white
9.5,0.42,0.41,2.3,0.034,22,145,0.9951,3.06,0.52,11,white
7.9,0.36,0.53,12.9,0.049,63,139,0.99792,2.94,0.45,9.1,white
7.4,0.5,0.47,2,0.086,21,73,0.997,3.36,0.57,9.1,red
7.5,0.41,0.15,3.7,0.104,29,94,0.99786,3.14,0.58,9.1,red
11.1,0.45,0.73,3.2,0.066,6,22,0.9986,3.17,0.66,11.2,red
7.4,0.14,0.3,1.3,0.033,25,91,0.99268,3.53,0.39,10.6,white
6.3,0.23,0.33,1.5,0.036,15,105,0.991,3.32,0.42,11.2,white
6,0.21,0.34,2,0.042,63,123,0.99052,3.44,0.42,11.4,white
12.1,0.4,0.52,2,0.092,15,54,1,3.03,0.66,10.2,red
8.6,0.315,0.4,2.2,0.079,3,6,0.99512,3.27,0.67,11.9,red
8.1,0.72,0.09,2.8,0.084,18,49,0.9994,3.43,0.72,11.1,red
8.2,0.31,0.4,2.2,0.058,6,10,0.99536,3.31,0.68,11.2,red
6.4,0.16,0.37,1.5,0.037,27,109,0.99345,3.38,0.5,9.8,white
7.8,0.58,0.13,2.1,0.102,17,36,0.9944,3.24,0.53,11.2,red
6.5,0.46,0.14,2.4,0.114,9,37,0.99732,3.66,0.65,9.8,red
8.8,0.27,0.39,2,0.1,20,27,0.99546,3.15,0.69,11.2,red
8.9,0.75,0.14,2.5,0.086,9,30,0.99824,3.34,0.64,10.5,red
7.3,0.26,0.49,5,0.028,32,107,0.9936,3.24,0.54,10.8,white
9.1,0.27,0.45,10.6,0.035,28,124,0.997,3.2,0.46,10.4,white
7.8,0.55,0,1.7,0.07,7,17,0.99659,3.26,0.64,9.4,red
6.4,0.55,0.26,9.6,0.027,20,104,0.9924,3.22,0.73,13.1,white
9,0.48,0.32,2.8,0.084,21,122,0.9984,3.32,0.62,9.4,red
8,1.18,0.21,1.9,0.083,14,41,0.99532,3.34,0.47,10.5,red
8.4,0.56,0.04,2,0.082,10,22,0.9976,3.22,0.44,9.6,red
7.8,0.56,0.19,2.1,0.081,15,105,0.9962,3.33,0.54,9.5,red
6.3,0.51,0.13,2.3,0.076,29,40,0.99574,3.42,0.75,11,red
9.1,0.4,0.57,4.6,0.08,6,20,0.99652,3.28,0.57,12.5,red
7.6,0.2,0.3,14.2,0.056,53,212.5,0.999,3.14,0.46,8.9,white
9.4,0.615,0.28,3.2,0.087,18,72,1.0001,3.31,0.53,9.7,red
6.4,0.2,0.22,7.4,0.032,53,172,0.99404,3.24,0.58,11,white
6.2,0.3,0.26,13.4,0.046,57,206,0.99775,3.17,0.43,9.5,white
7.1,0.26,0.34,14.4,0.067,35,189,0.9986,3.07,0.53,9.1,white
12.3,0.5,0.49,2.2,0.089,5,14,1.0002,3.19,0.44,9.6,red
11.4,0.26,0.44,3.6,0.071,6,19,0.9986,3.12,0.82,9.3,red
8.6,0.18,0.4,1.1,0.04,20,107,0.9923,2.94,0.32,10.2,white
7.2,0.41,0.3,2.1,0.083,35,72,0.997,3.44,0.52,9.4,red
6.1,0.28,0.16,1.3,0.06,36,126,0.99353,3.13,0.46,8.7,white
7.2,0.4,0.49,1.1,0.048,11,138,0.9929,3.01,0.42,9.3,white
7,0.24,0.18,1.3,0.046,9,62,0.994,3.38,0.47,10.1,white
6.6,0.27,0.52,8.1,0.044,53,202,0.99548,3.18,0.48,9.5,white
7.7,0.57,0.21,1.5,0.069,4,9,0.99458,3.16,0.54,9.8,red
8.5,0.46,0.31,2.25,0.078,32,58,0.998,3.33,0.54,9.8,red
7.7,0.705,0.1,2.6,0.084,9,26,0.9976,3.39,0.49,9.7,red
6,0.14,0.17,5.6,0.036,37,127,0.99373,3.05,0.57,9.8,white
11.9,0.38,0.51,2,0.121,7,20,0.9996,3.24,0.76,10.4,red
7.8,0.3,0.29,16.85,0.054,23,135,0.9998,3.16,0.38,9,white
6.6,0.23,0.32,1.7,0.024,26,102,0.99084,3.29,0.6,11.8,white
5.8,0.39,0.47,7.5,0.027,12,88,0.9907,3.38,0.45,14,white
7,0.57,0.02,2,0.072,17,26,0.99575,3.36,0.61,10.2,red
7.9,0.51,0.34,2.6,0.049,13,135,0.99335,3.09,0.51,10,white
8.3,0.3,0.36,10,0.042,33,169,0.9982,3.23,0.51,9.3,white
6.5,0.615,0,1.9,0.065,9,18,0.9972,3.46,0.65,9.2,red
8.5,0.585,0.18,2.1,0.078,5,30,0.9967,3.2,0.48,9.8,red
7.1,0.25,0.31,2.3,0.05,32,156,0.9914,3.14,0.51,11.4,white
7.2,0.24,0.4,1.4,0.045,31,106,0.9914,2.88,0.38,10.8,white
6,0.33,0.26,5.1,0.051,16,119,0.99416,3.15,0.41,9.2,white
7.8,0.5,0.12,1.8,0.178,6,21,0.996,3.28,0.87,9.8,red
8.6,0.49,0.29,2,0.11,19,133,0.9972,2.93,1.98,9.8,red
6.1,0.3,0.56,2.7,0.046,46,184,0.9924,3.31,0.57,10.9,white
7.3,0.22,0.26,1.5,0.04,32,172,0.99194,3.27,0.48,11.2,white
6.6,0.085,0.33,1.4,0.036,17,109,0.99306,3.27,0.61,9.5,white
7.1,0.6,0,1.8,0.074,16,34,0.9972,3.47,0.7,9.9,red
7.6,0.31,0.27,8.8,0.021,57,156,0.99442,3.08,0.38,11,white
5.7,0.28,0.3,3.9,0.026,36,105,0.98963,3.26,0.58,12.75,white
8.2,0.27,0.43,1.6,0.035,31,128,0.9916,3.1,0.5,12.3,white
12,0.37,0.76,4.2,0.066,7,38,1.0004,3.22,0.6,13,red
9.9,0.72,0.55,1.7,0.136,24,52,0.99752,3.35,0.94,10,red
6.9,0.2,0.28,1.2,0.048,36,159,0.9936,3.19,0.43,9.1,white
6.5,0.23,0.39,1.9,0.036,41,98,0.99,3.19,0.43,11.9,white
6.9,0.19,0.33,1.6,0.039,27,98,0.9898,3.09,0.46,12.3,white
6.6,0.23,0.3,14.9,0.051,33,118,0.99835,3.04,0.54,9,white
8.5,0.47,0.27,1.9,0.058,18,38,0.99518,3.16,0.85,11.1,red
6.3,0.495,0.22,1.8,0.046,31,140,0.9929,3.39,0.54,10.4,white
7.2,0.57,0.05,2.3,0.081,16,36,0.99564,3.38,0.6,10.3,red
6,0.26,0.42,5.2,0.027,70,178,0.9914,3.4,0.4,12.3,white
8.4,0.62,0.12,1.8,0.072,38,46,0.99504,3.38,0.89,11.8,red
9.3,0.655,0.26,2,0.096,5,35,0.99738,3.25,0.42,9.6,red
7.5,0.2,0.49,1.3,0.031,8,97,0.9918,3.06,0.62,11.1,white
6.4,0.38,0.14,2.2,0.038,15,25,0.99514,3.44,0.65,11.1,red
7.3,0.365,0.49,2.5,0.088,39,106,0.9966,3.36,0.78,11,red
11.9,0.58,0.66,2.5,0.072,6,37,0.9992,3.05,0.56,10,red
7.7,0.22,0.42,1.9,0.052,10,87,0.9922,3.3,0.49,11.8,white
6.5,0.28,0.25,4.8,0.029,54,128,0.99074,3.17,0.44,12.2,white
8.9,0.59,0.5,2,0.337,27,81,0.9964,3.04,1.61,9.5,red
9,0.4,0.41,2,0.058,15,40,0.99414,3.22,0.6,12.2,red
10.2,0.36,0.64,2.9,0.122,10,41,0.998,3.23,0.66,12.5,red
7,0.31,0.29,1.4,0.037,33,128,0.9896,3.12,0.36,12.2,white
9.1,0.47,0.49,2.6,0.094,38,106,0.9982,3.08,0.59,9.1,red
6.3,0.12,0.36,2.1,0.044,47,146,0.9914,3.27,0.74,11.4,white
8.1,0.28,0.39,1.9,0.029,18,79,0.9923,3.23,0.52,11.8,white
7.8,0.17,0.5,1.3,0.045,35,140,0.9904,3.16,0.4,12,white
7.5,0.5,0.36,6.1,0.071,17,102,0.9978,3.35,0.8,10.5,red
7.1,0.34,0.28,2,0.082,31,68,0.99694,3.45,0.48,9.4,red
6.1,0.31,0.34,2.8,0.042,59.5,162,0.99179,3.27,0.47,10.8,white
8.8,0.35,0.49,1,0.036,14,56,0.992,2.96,0.33,10.5,white
8.1,0.785,0.52,2,0.122,37,153,0.9969,3.21,0.69,9.3,red
7,0.38,0.49,2.5,0.097,33,85,0.9962,3.39,0.77,11.4,red
8.8,0.52,0.34,2.7,0.087,24,122,0.9982,3.26,0.61,9.5,red
7.5,0.14,0.74,1.6,0.035,21,126,0.9933,3.26,0.45,10.2,white
7,0.65,0.02,2.1,0.066,8,25,0.9972,3.47,0.67,9.5,red
10.1,0.31,0.35,1.6,0.075,9,28,0.99672,3.24,0.83,11.2,red
7.6,0.28,0.39,1.9,0.052,23,116,0.9941,3.25,0.4,10.4,white
7,0.33,0.28,5.7,0.033,39,204,0.99176,3.17,0.64,12.5,white
6.3,0.39,0.16,1.4,0.08,11,23,0.9955,3.34,0.56,9.3,red
7.6,0.27,0.52,3.2,0.043,28,152,0.99129,3.02,0.53,11.4,white
6.8,0.25,0.37,3.1,0.026,29,93,0.99035,3.14,0.45,12.2,white
8,0.38,0.44,1.9,0.098,6,15,0.9956,3.3,0.64,11.4,red
5.9,0.44,0.36,2.5,0.03,12,73,0.99201,3.22,0.48,10.8,white
7,0.17,0.33,4,0.034,17,127,0.9934,3.19,0.39,10.6,white
7.6,0.4,0.27,5.2,0.03,32,101,0.99172,3.22,0.62,12.3,white
7.4,0.3,0.49,8.2,0.055,49,188,0.9974,3.52,0.58,9.7,white
7.1,0.6,0.01,2.3,0.079,24,37,0.99514,3.4,0.61,10.9,red
9.4,0.685,0.26,2.4,0.082,23,143,0.9978,3.28,0.55,9.4,red
8.1,0.56,0.28,1.7,0.368,16,56,0.9968,3.11,1.28,9.3,red
7.3,0.59,0.26,7.2,0.07,35,121,0.9981,3.37,0.49,9.4,red
7.2,0.08,0.49,1.3,0.05,18,148,0.9945,3.46,0.44,10.2,white
9.7,0.32,0.54,2.5,0.094,28,83,0.9984,3.28,0.82,9.6,red
7.6,0.17,0.36,4.5,0.042,26,102,0.99427,3.09,0.47,9.5,white
10.2,0.41,0.43,2.2,0.11,11,37,0.99728,3.16,0.67,10.8,red
12.3,0.39,0.63,2.3,0.091,6,18,1.0004,3.16,0.49,9.5,red
6.7,0.33,0.34,7.5,0.036,39,124,0.99123,2.99,0.32,12.4,white
7.1,0.46,0.2,1.9,0.077,28,54,0.9956,3.37,0.64,10.4,red
6.8,0.44,0.37,5.1,0.047,46,201,0.9938,3.08,0.65,10.5,white
6.5,0.32,0.23,8.5,0.051,20,138,0.9943,3.03,0.42,10.7,white
7,0.23,0.26,7.2,0.041,21,90,0.99509,3.22,0.55,9.5,white
6.2,0.18,0.38,1.5,0.028,36,117,0.993,3.47,0.54,9.7,white
10.5,0.24,0.42,1.8,0.077,6,22,0.9976,3.21,1.05,10.8,red
6.9,0.55,0.15,2.2,0.076,19,40,0.9961,3.41,0.59,10.1,red
7,0.22,0.33,2.1,0.052,15,76,0.993,3.2,0.41,10.6,white
12.4,0.49,0.58,3,0.103,28,99,1.0008,3.16,1,11.5,red
6.1,0.15,0.29,6.2,0.046,39,151,0.99471,3.6,0.44,10.6,white
8.5,0.18,0.51,1.75,0.071,45,88,0.99524,3.33,0.76,11.8,red
11.3,0.37,0.5,1.8,0.09,20,47,0.99734,3.15,0.57,10.5,red
7.4,1.185,0,4.25,0.097,5,14,0.9966,3.63,0.54,10.7,red
9.9,0.54,0.45,2.3,0.071,16,40,0.9991,3.39,0.62,9.4,red
6.8,0.68,0.09,3.9,0.068,15,29,0.99524,3.41,0.52,11.1,red
6.2,0.17,0.28,4.7,0.037,39,133,0.9931,3.41,0.46,10.8,white
5.7,0.135,0.3,4.6,0.042,19,101,0.9946,3.31,0.42,9.3,white
8.4,0.24,0.49,7.4,0.039,46,108,0.9934,3.03,0.33,11.9,white
6.9,0.765,0.18,2.4,0.243,5.5,48,0.99612,3.4,0.6,10.3,red
5.5,0.49,0.03,1.8,0.044,28,87,0.9908,3.5,0.82,14,red
8.3,0.65,0.1,2.9,0.089,17,40,0.99803,3.29,0.55,9.5,red
15.5,0.645,0.49,4.2,0.095,10,23,1.00315,2.92,0.74,11.1,red
10.6,0.31,0.49,2.5,0.067,6,21,0.9987,3.26,0.86,10.7,red
7.4,0.785,0.19,5.2,0.094,19,98,0.99713,3.16,0.52,9.56666666666667,red
6.1,0.27,0.31,3.9,0.034,42,137,0.99218,3.24,0.46,10.9,white
5.9,0.46,0,1.9,0.077,25,44,0.99385,3.5,0.53,11.2,red
7.7,0.39,0.49,7.7,0.036,11,110,0.9966,3.33,0.76,10,white
11.9,0.38,0.49,2.7,0.098,12,42,1.0004,3.16,0.61,10.3,red
6.4,0.64,0.21,1.8,0.081,14,31,0.99689,3.59,0.66,9.8,red
7.9,0.765,0,2,0.084,9,22,0.99619,3.33,0.68,10.9,red
5.3,0.275,0.24,7.4,0.038,28,114,0.99313,3.38,0.51,11,white
8.2,0.64,0.27,2,0.095,5,77,0.99747,3.13,0.62,9.1,red
5.7,0.24,0.3,1.3,0.03,25,98,0.98968,3.37,0.43,12.4,white
6.9,0.26,0.33,12.6,0.051,59,173,0.998,3.39,0.38,9.9,white
7.3,0.51,0.18,2.1,0.07,12,28,0.99768,3.52,0.73,9.5,red
6.7,0.3,0.29,2.8,0.025,37,107,0.99159,3.31,0.63,11.3,white
6.5,0.63,0.33,1.8,0.059,16,28,0.99531,3.36,0.64,10.1,red
6.1,0.53,0.08,1.9,0.077,24,45,0.99528,3.6,0.68,10.3,red
7.3,0.24,0.34,15.4,0.05,38,174,0.9983,3.03,0.42,9,white
8.6,0.34,0.36,1.4,0.045,11,119,0.99556,3.17,0.47,9.4,white
10.9,0.39,0.47,1.8,0.118,6,14,0.9982,3.3,0.75,9.8,red
7.3,0.2,0.44,1.4,0.045,21,98,0.9924,3.15,0.46,10,white
6.7,0.4,0.22,8.8,0.052,24,113,0.99576,3.22,0.45,9.4,white
7.9,0.5,0.33,2,0.084,15,143,0.9968,3.2,0.55,9.5,red
7.7,0.43,1,19.95,0.032,42,164,0.99742,3.29,0.5,12,white
6.3,0.55,0.45,13,0.047,33,182,0.9974,3.2,0.46,9.2,white
8.3,0.26,0.41,9.2,0.042,41,162,0.9944,3.1,0.38,12,white
10.4,0.52,0.45,2,0.08,6,13,0.99774,3.22,0.76,11.4,red
6.8,0.63,0.12,3.8,0.099,16,126,0.9969,3.28,0.61,9.5,red
7.5,0.26,0.26,18.35,0.084,33,139,1.0011,3.17,0.39,8.8,white
8.2,1.33,0,1.7,0.081,3,12,0.9964,3.53,0.49,10.9,red
10.4,0.61,0.49,2.1,0.2,5,16,0.9994,3.16,0.63,8.4,red
7,0.655,0.16,2.1,0.074,8,25,0.99606,3.37,0.55,9.7,red
7.1,0.685,0.35,2,0.088,9,92,0.9963,3.28,0.62,9.4,red
5.3,0.47,0.1,1.3,0.036,11,74,0.99082,3.48,0.54,11.2,white
6.8,0.24,0.37,7.45,0.043,59,188,0.99579,3.2,0.5,9.4,white
7.9,0.34,0.42,2,0.086,8,19,0.99546,3.35,0.6,11.4,red
8.1,0.78,0.23,2.6,0.059,5,15,0.997,3.37,0.56,11.3,red
8.9,0.62,0.19,3.9,0.17,51,148,0.9986,3.17,0.93,9.2,red
7.5,0.685,0.07,2.5,0.058,5,9,0.99632,3.38,0.55,10.9,red
11.3,0.36,0.66,2.4,0.123,3,8,0.99642,3.2,0.53,11.9,red
8.4,1.035,0.15,6,0.073,11,54,0.999,3.37,0.49,9.9,red
6.8,0.22,0.41,6.7,0.034,39,116,0.99245,3.18,0.46,11.5,white
8.9,0.4,0.32,5.6,0.087,10,47,0.9991,3.38,0.77,10.5,red
8.1,0.27,0.41,1.45,0.033,11,63,0.9908,2.99,0.56,12,white
10.8,0.4,0.41,2.2,0.084,7,17,0.9984,3.08,0.67,9.3,red
7.2,0.46,0.65,10.4,0.05,76,192,0.9976,3.16,0.42,8.7,white
6.2,0.44,0.39,2.5,0.077,6,14,0.99555,3.51,0.69,11,red
6.8,0.69,0,5.6,0.124,21,58,0.9997,3.46,0.72,10.2,red
9.8,0.3,0.39,1.7,0.062,3,9,0.9948,3.14,0.57,11.5,red
6.3,0.25,0.23,14.9,0.039,47,142,0.99705,3.14,0.35,9.7,white
7.8,0.5,0.3,1.9,0.075,8,22,0.9959,3.31,0.56,10.4,red
6.9,0.33,0.26,5,0.027,46,143,0.9924,3.25,0.43,11.2,white
6.6,0.38,0.29,2.9,0.035,15,101,0.98916,3.04,0.37,12.5,white
7.6,0.18,0.28,7.1,0.041,29,110,0.99652,3.2,0.42,9.2,white
7.2,0.6,0.04,2.5,0.076,18,88,0.99745,3.53,0.55,9.5,red
11.2,0.28,0.56,1.9,0.075,17,60,0.998,3.16,0.58,9.8,red
7.6,0.665,0.1,1.5,0.066,27,55,0.99655,3.39,0.51,9.3,red
7,0.46,0.2,16.7,0.046,50,184,0.99898,3.08,0.56,9.4,white
8.6,0.52,0.38,1.5,0.096,5,18,0.99666,3.2,0.52,9.4,red
10.5,0.36,0.47,2.2,0.074,9,23,0.99638,3.23,0.76,12,red
8.3,0.21,0.49,19.8,0.054,50,231,1.0012,2.99,0.54,9.2,white
6.6,0.19,0.33,1.8,0.035,42,148,0.99196,3.15,0.36,10.2,white
5.9,0.34,0.25,2,0.042,12,110,0.99034,3.02,0.54,11.4,white
8,0.19,0.36,1.8,0.05,16,84,0.9936,3.15,0.45,9.8,white
5.8,0.28,0.3,3.9,0.026,36,105,0.98963,3.26,0.58,12.75,white
8.8,0.61,0.14,2.4,0.067,10,42,0.9969,3.19,0.59,9.5,red
7.7,0.44,0.24,11.2,0.031,41,167,0.9948,3.12,0.43,11.3,white
6.5,0.29,0.53,1.7,0.04,41,192,0.9922,3.26,0.59,10.4,white
6.8,0.67,0.15,1.8,0.118,13,20,0.9954,3.42,0.67,11.3,red
6.2,0.355,0.35,2,0.046,31,95,0.98822,3.06,0.46,13.6,white
7.1,0.21,0.28,2.7,0.034,23,111,0.99405,3.35,0.64,10.2,white
5.8,0.29,0.38,10.7,0.038,49,136,0.99366,3.11,0.59,11.2,white
6.3,0.29,0.23,14.2,0.037,24,99,0.99528,3.08,0.38,10.6,white
8.4,0.28,0.4,8.9,0.048,33,146,0.9988,3.4,0.46,9.3,white
7.7,0.39,0.28,4.9,0.035,36,109,0.9918,3.19,0.58,12.2,white
9.7,0.295,0.4,1.5,0.073,14,21,0.99556,3.14,0.51,10.9,red
8.7,0.22,0.42,2.3,0.053,27,114,0.994,2.99,0.43,10,white
6.6,0.21,0.29,1.8,0.026,35,128,0.99183,3.37,0.48,11.2,white
6.6,0.28,0.23,10.4,0.049,45,190,0.99754,3.12,0.51,8.8,white
13.7,0.415,0.68,2.9,0.085,17,43,1.0014,3.06,0.8,10,red
8.1,0.26,0.27,4.3,0.03,43,123,0.99212,3.16,0.33,11.2,white
6.5,0.35,0.28,12.4,0.051,86,213,0.9962,3.16,0.51,9.9,white
7,0.29,0.49,3.8,0.047,37,136,0.9938,2.95,0.4,9.4,white
7.2,0.36,0.46,2.1,0.074,24,44,0.99534,3.4,0.85,11,red
7.4,0.26,0.31,7.6,0.047,52,177,0.9962,3.13,0.45,8.9,white
7.2,0.58,0.54,2.1,0.114,3,9,0.99719,3.33,0.57,10.3,red
7.1,0.36,0.24,1.8,0.025,32,102,0.9903,3.34,0.59,12.8,white
6.9,0.2,0.36,1.5,0.031,38,147,0.9931,3.35,0.56,11,white
5.8,0.315,0.27,1.55,0.026,15,70,0.98994,3.37,0.4,11.9,white
6.8,0.27,0.35,7.8,0.048,76,197,0.9959,3.24,0.43,9.5,white
7.9,0.19,0.45,1.5,0.045,17,96,0.9917,3.13,0.39,11,white
6.6,0.22,0.58,1.1,0.133,52,136,0.9932,3.1,0.3,9.1,white
7.5,0.3,0.21,6.55,0.026,33,143,0.99244,2.92,0.35,11.1,white
6.2,0.65,0.06,1.6,0.05,6,18,0.99348,3.57,0.54,11.95,red
8.3,0.31,0.39,2.4,0.078,17,43,0.99444,3.31,0.77,12.5,red
7.3,0.26,0.3,9.3,0.05,35,154,0.99581,3.21,0.5,10.4,white
7.6,0.3,0.42,2,0.052,6,24,0.9963,3.44,0.82,11.9,red
7.1,0.22,0.74,2.7,0.044,42,144,0.991,3.31,0.41,12.2,white
8.5,0.24,0.47,15.2,0.057,40,234,1.0005,3.02,0.66,9,white
10.4,0.43,0.5,2.3,0.068,13,19,0.996,3.1,0.87,11.4,red
5.9,0.32,0.28,4.7,0.039,34,94,0.98964,3.22,0.57,13.1,white
6.6,0.695,0,2.1,0.075,12,56,0.9968,3.49,0.67,9.2,red
8.5,0.19,0.48,1.1,0.026,23,58,0.99184,2.9,0.5,10.5,white
6.9,0.19,0.49,6.6,0.036,49,172,0.9932,3.2,0.27,11.5,white
7.4,0.52,0.13,2.4,0.078,34,61,0.99528,3.43,0.59,10.8,red
6.1,0.28,0.27,4.7,0.03,56,140,0.99042,3.16,0.42,12.5,white
8.7,0.7,0.24,2.5,0.226,5,15,0.9991,3.32,0.6,9,red
6.8,0.25,0.24,4.55,0.053,41,211,0.9955,3.37,0.67,9.5,white
6.1,0.4,0.18,9,0.051,28.5,259,0.9964,3.19,0.5,8.8,white
6.9,0.4,0.37,8.9,0.053,36,148,0.996,3.16,0.5,9.3,white
8.9,0.59,0.39,2.3,0.095,5,22,0.9986,3.37,0.58,10.3,red
8.1,0.3,0.31,1.1,0.041,49,123,0.9914,2.99,0.45,11.1,white
8.6,0.8,0.11,2.3,0.084,12,31,0.9979,3.4,0.48,9.9,red
6.2,0.21,0.34,6.6,0.03,36,91,0.9914,3.32,0.45,12.5,white
7.8,0.6,0.26,2,0.08,31,131,0.99622,3.21,0.52,9.9,red
6.8,0.32,0.18,7.5,0.041,71,223,0.9959,3.14,0.41,8.9,white
6.9,0.54,0.3,2.2,0.088,9,105,0.99725,3.25,1.18,10.5,red
6.4,0.18,0.48,4,0.186,64,150,0.9945,3.06,0.4,9.3,white
6.8,0.23,0.39,16.1,0.053,71,194,0.9988,3.18,0.64,10.2,white
7.6,0.47,0.49,13,0.239,42,220,0.9988,2.96,0.51,9.2,white
11.5,0.31,0.51,2.2,0.079,14,28,0.9982,3.03,0.93,9.8,red
11.6,0.53,0.66,3.65,0.121,6,14,0.9978,3.05,0.74,11.5,red
8.3,0.26,0.37,1.4,0.076,8,23,0.9974,3.26,0.7,9.6,red
7.1,0.21,0.28,2.7,0.034,23,111,0.99405,3.35,0.64,10.2,white
7.7,0.6,0,2.6,0.055,7,13,0.99639,3.38,0.56,10.8,red
5.9,0.23,0.3,12.9,0.054,57,170,0.9972,3.28,0.39,9.4,white
9.4,0.395,0.46,4.6,0.094,3,10,0.99639,3.27,0.64,12.2,red
10,0.35,0.45,2.5,0.092,20,88,0.99918,3.15,0.43,9.4,red
7.4,0.58,0,2,0.064,7,11,0.99562,3.45,0.58,11.3,red
5.9,0.26,0.3,1,0.036,38,114,0.9928,3.58,0.48,9.4,white
6.6,0.5,0.04,2.1,0.068,6,14,0.9955,3.39,0.64,9.4,red
8.2,0.32,0.42,2.3,0.098,3,9,0.99506,3.27,0.55,12.3,red
8.5,0.49,0.11,2.3,0.084,9,67,0.9968,3.17,0.53,9.4,red
10.8,0.5,0.46,2.5,0.073,5,27,1.0001,3.05,0.64,9.5,red
12.3,0.39,0.63,2.3,0.091,6,18,1.0004,3.16,0.49,9.5,red
6.7,0.675,0.07,2.4,0.089,17,82,0.9958,3.35,0.54,10.1,red
7.2,0.62,0.06,2.5,0.078,17,84,0.99746,3.51,0.53,9.7,red
7.9,0.44,0.26,4.45,0.033,23,100,0.99117,3.17,0.52,12.7,white
6.5,0.18,0.33,1.4,0.029,35,138,0.99114,3.36,0.6,11.5,white
7.4,0.26,0.37,9.4,0.047,42,147,0.9982,3.46,0.72,10,white
8,0.22,0.28,14,0.053,83,197,0.9981,3.14,0.45,9.8,white
6.2,0.3,0.32,1.7,0.032,30,130,0.9911,3.28,0.41,11.2,white
4.7,0.6,0.17,2.3,0.058,17,106,0.9932,3.85,0.6,12.9,red
10,0.56,0.24,2.2,0.079,19,58,0.9991,3.18,0.56,10.1,red
6.7,0.11,0.34,8.8,0.043,41,113,0.9962,3.42,0.4,9.3,white
4.8,0.13,0.32,1.2,0.042,40,98,0.9898,3.42,0.64,11.8,white
6.7,0.46,0.24,1.7,0.077,18,34,0.9948,3.39,0.6,10.6,red
8.1,0.34,0.28,7.5,0.04,70,230,0.99558,3.14,0.55,9.8,white
5.8,0.2,0.24,1.4,0.033,65,169,0.99043,3.59,0.56,12.3,white
7.2,0.29,0.4,7.6,0.024,56,177,0.9928,3.04,0.32,11.5,white
6.9,0.32,0.26,8.3,0.053,32,180,0.9965,3.25,0.51,9.2,white
10.3,0.53,0.48,2.5,0.063,6,25,0.9998,3.12,0.59,9.3,red
5.5,0.24,0.32,8.7,0.06,19,102,0.994,3.27,0.31,10.4,white
5.9,0.61,0.08,2.1,0.071,16,24,0.99376,3.56,0.77,11.1,red
8,0.25,0.35,1.1,0.054,13,136,0.99366,3.08,0.55,9.5,white
7,0.44,0.24,12.1,0.056,68,210,0.99718,3.05,0.5,9.5,white
7.5,0.33,0.36,2.6,0.051,26,126,0.99097,3.32,0.53,12.7,white
8,0.52,0.03,1.7,0.07,10,35,0.99575,3.34,0.57,10,red
8.5,0.19,0.48,1.1,0.026,23,58,0.99184,2.9,0.5,10.5,white
7,0.29,0.54,10.7,0.046,59,234,0.9966,3.05,0.61,9.5,white
6.5,0.15,0.32,1.3,0.036,19,76,0.98964,3.18,0.41,12.3,white
7.3,0.25,0.26,7.2,0.048,52,207,0.99587,3.12,0.37,9.2,white
8.9,0.12,0.45,1.8,0.075,10,21,0.99552,3.41,0.76,11.9,red
8.6,0.47,0.3,3,0.076,30,135,0.9976,3.3,0.53,9.4,red
7.4,0.53,0.12,1.9,0.165,4,12,0.99702,3.26,0.86,9.2,red
6,0.495,0.27,5,0.157,17,129,0.99396,3.03,0.36,9.3,white
5.9,0.28,0.34,3.6,0.04,50,194,0.9912,3.31,0.52,11.6,white
6,0.21,0.29,13.1,0.042,28,125,0.99936,3.39,0.45,8.6,white
9.1,0.5,0.3,1.9,0.065,8,17,0.99774,3.32,0.71,10.5,red
7.7,0.54,0.26,1.9,0.089,23,147,0.99636,3.26,0.59,9.7,red
6.5,0.27,0.4,10,0.039,74,227,0.99582,3.18,0.5,9.4,white
9.3,0.36,0.39,1.5,0.08,41,55,0.99652,3.47,0.73,10.9,red
10,0.41,0.45,6.2,0.071,6,14,0.99702,3.21,0.49,11.8,red
6.7,0.64,0.3,1.2,0.03,18,76,0.9892,3.16,0.6,12.9,white
7.1,0.33,0.64,13.2,0.056,12,105,0.9972,3.05,0.39,9.2,white
13.3,0.34,0.52,3.2,0.094,17,53,1.0014,3.05,0.81,9.5,red
5.6,0.31,0.37,1.4,0.074,12,96,0.9954,3.32,0.58,9.2,red
5.6,0.85,0.05,1.4,0.045,12,88,0.9924,3.56,0.82,12.9,red
7.6,0.2,0.36,1.9,0.043,24,111,0.99237,3.29,0.54,11.3,white
8.3,0.27,0.34,10.2,0.048,50,118,0.99716,3.18,0.51,10.3,white
7.1,0.2,0.35,3.2,0.034,21,107,0.99195,3.11,0.54,11.1,white
6.9,0.49,0.19,1.7,0.079,13,26,0.99547,3.38,0.64,9.8,red
9.6,0.21,0.28,1.2,0.038,12,53,0.9926,2.8,0.46,10.6,white
7.3,0.55,0.01,1.8,0.093,9,15,0.99514,3.35,0.58,11,red
8.8,0.31,0.4,2.8,0.109,7,16,0.99614,3.31,0.79,11.8,red
6.3,0.17,0.32,1,0.04,39,118,0.98886,3.31,0.4,13.1,white
7.7,0.58,0.01,1.8,0.088,12,18,0.99568,3.32,0.56,10.5,red
6,0.21,0.38,0.8,0.02,22,98,0.98941,3.26,0.32,11.8,white
10.7,0.4,0.37,1.9,0.081,17,29,0.99674,3.12,0.65,11.2,red
6.1,0.17,0.28,4.5,0.033,46,150,0.9933,3.43,0.49,10.9,white
8.7,0.69,0.31,3,0.086,23,81,1.0002,3.48,0.74,11.6,red
6.1,0.34,0.46,4.7,0.029,21,94,0.991,3.29,0.62,12.3,white
6.6,0.3,0.24,1.2,0.034,17,121,0.9933,3.13,0.36,9.2,white
7.2,0.655,0.03,1.8,0.078,7,12,0.99587,3.34,0.39,9.5,red
7.6,0.79,0.21,2.3,0.087,21,68,0.9955,3.12,0.44,9.2,red
8.4,0.27,0.46,8.7,0.048,39,197,0.9974,3.14,0.59,9.6,white
11.2,0.4,0.5,2,0.099,19,50,0.99783,3.1,0.58,10.4,red
6.3,0.695,0.55,12.9,0.056,58,252,0.99806,3.29,0.49,8.7,white
6.6,0.26,0.31,4.8,0.138,41,168,0.9951,3.2,0.38,9.3,white
13,0.47,0.49,4.3,0.085,6,47,1.0021,3.3,0.68,12.7,red
8.2,0.34,0.37,1.9,0.057,43,74,0.99408,3.23,0.81,12,red
7.6,0.36,0.31,1.7,0.079,26,65,0.99716,3.46,0.62,9.5,red
7,0.34,0.1,3.5,0.044,17,63,0.9937,3.01,0.39,9.2,white
8.9,0.12,0.45,1.8,0.075,10,21,0.99552,3.41,0.76,11.9,red
6.9,0.3,0.45,1.4,0.039,36,122,0.99059,3.07,0.47,11.1,white
6.9,0.24,0.37,6.1,0.027,38,112,0.99086,3.19,0.34,12.4,white
5.8,0.23,0.31,4.5,0.046,42,124,0.99324,3.31,0.64,10.8,white
10.4,0.44,0.73,6.55,0.074,38,76,0.999,3.17,0.85,12,red
7,0.12,0.28,6.3,0.057,17,103,0.9957,3.5,0.44,9.6,white
6.6,0.26,0.46,6.9,0.047,59,183,0.99594,3.2,0.45,9.3,white
6.8,0.29,0.16,1.4,0.038,122.5,234.5,0.9922,3.15,0.47,10,white
7,0.55,0.05,8,0.036,19,164,0.99269,3.26,0.46,12.2,white
8.1,0.2,0.3,1.3,0.036,7,49,0.99242,2.99,0.73,10.3,white
7.1,0.12,0.32,9.6,0.054,64,162,0.9962,3.4,0.41,9.4,white
5.8,0.14,0.15,6.1,0.042,27,123,0.99362,3.06,0.6,9.9,white
6.1,0.38,0.42,5,0.016,31,113,0.99007,3.15,0.31,12.4,white
10.3,0.27,0.56,1.4,0.047,3,8,0.99471,3.16,0.51,11.8,red
6.8,0.15,0.41,12.9,0.044,79.5,182,0.99742,3.24,0.78,10.2,white
7.4,0.63,0.07,2.4,0.09,11,37,0.9979,3.43,0.76,9.7,red
7.6,0.22,0.34,9.7,0.035,26,143,0.9965,3.08,0.49,9.8,white
9.7,0.31,0.47,1.6,0.062,13,33,0.9983,3.27,0.66,10,red
5.6,0.24,0.34,2,0.041,14,73,0.98981,3.04,0.45,11.6,white
6.3,0.67,0.48,12.6,0.052,57,222,0.9979,3.17,0.52,9.3,white
11.1,0.31,0.53,2.2,0.06,3,10,0.99572,3.02,0.83,10.9,red
6.5,0.28,0.28,8.5,0.047,54,210,0.9962,3.09,0.54,8.9,white
6,0.28,0.27,4.1,0.046,50,147,0.99126,3.27,0.56,11.6,white
6.4,0.32,0.25,5,0.055,28,138,0.99171,3.27,0.5,12.4,white
7.4,0.26,0.43,6,0.022,22,125,0.9928,3.13,0.55,11.5,white
12.8,0.615,0.66,5.8,0.083,7,42,1.0022,3.07,0.73,10,red
5.9,0.645,0.12,2,0.075,32,44,0.99547,3.57,0.71,10.2,red
7.1,0.21,0.4,1.2,0.069,24,156,0.9928,3.42,0.43,10.6,white
6.1,0.32,0.24,1.5,0.036,38,124,0.9898,3.29,0.42,12.4,white
6.7,0.75,0.12,2,0.086,12,80,0.9958,3.38,0.52,10.1,red
8.3,0.42,0.62,19.25,0.04,41,172,1.0002,2.98,0.67,9.7,white
5.2,0.22,0.46,6.2,0.066,41,187,0.99362,3.19,0.42,9.73333333333333,white
7.1,0.2,0.37,1.5,0.049,28,129,0.99226,3.15,0.52,10.8,white
6.9,0.35,0.55,11.95,0.038,22,111,0.99687,3.11,0.29,9.7,white
8.4,0.6,0.1,2.2,0.085,14,111,0.9964,3.15,0.66,9.8,red
8.1,0.545,0.18,1.9,0.08,13,35,0.9972,3.3,0.59,9,red
7.2,0.21,0.28,2.7,0.033,38,94,0.99075,2.99,0.43,11.8,white
7,0.805,0,2.5,0.068,7,20,0.9969,3.48,0.56,9.6,red
7,0.62,0.1,1.4,0.071,27,63,0.996,3.28,0.61,9.2,red
7.6,0.3,0.25,4.3,0.054,22,111,0.9956,3.12,0.49,9.2,white
9.4,0.59,0.14,2,0.084,25,48,0.9981,3.14,0.56,9.7,red
7.7,0.42,0.38,8.1,0.061,49,144,0.9966,3.4,0.58,11,white
6,0.33,0.32,12.9,0.054,6,113,0.99572,3.3,0.56,11.5,red
7,0.26,0.59,1.4,0.037,40,120,0.9918,3.34,0.41,11.1,white
6.1,0.36,0.16,6.4,0.037,36,198,0.9944,3.17,0.62,9.9,white
6.8,0.21,0.74,1.2,0.047,25,111,0.9916,3.13,0.41,10.7,white
6.4,0.29,0.44,3.6,0.197,75,183,0.9942,3.01,0.38,9.1,white
9.6,0.56,0.23,3.4,0.102,37,92,0.9996,3.3,0.65,10.1,red
7.9,0.4,0.3,1.8,0.157,2,45,0.99727,3.31,0.91,9.5,red
12.5,0.56,0.49,2.4,0.064,5,27,0.9999,3.08,0.87,10.9,red
5.9,0.44,0,1.6,0.042,3,11,0.9944,3.48,0.85,11.7,red
6.6,0.2,0.14,4.4,0.184,35,168,0.99396,2.93,0.45,9.4,white
10.1,0.45,0.23,1.9,0.082,10,18,0.99774,3.22,0.65,9.3,red
6.3,0.55,0.15,1.8,0.077,26,35,0.99314,3.32,0.82,11.6,red
7,0.16,0.32,8.3,0.045,38,126,0.9958,3.21,0.34,9.2,white
6.7,0.11,0.34,8.8,0.043,41,113,0.9962,3.42,0.4,9.3,white
7.2,0.835,0,2,0.166,4,11,0.99608,3.39,0.52,10,red
7.7,0.28,0.33,6.7,0.037,32,155,0.9951,3.39,0.62,10.7,white
7.6,0.74,0,1.9,0.1,6,12,0.99521,3.36,0.59,11,red
9.1,0.795,0,2.6,0.096,11,26,0.9994,3.35,0.83,9.4,red
6.4,0.15,0.36,1.8,0.034,43,150,0.9922,3.42,0.69,11,white
7.2,0.695,0.13,2,0.076,12,20,0.99546,3.29,0.54,10.1,red
10.3,0.34,0.52,2.8,0.159,15,75,0.9998,3.18,0.64,9.4,red
7.4,0.2,0.31,1.6,0.038,34,116,0.9912,3.25,0.39,12,white
14,0.41,0.63,3.8,0.089,6,47,1.0014,3.01,0.81,10.8,red
6.9,0.19,0.35,13.5,0.038,49,118,0.99546,3,0.63,10.7,white
8.4,0.635,0.36,2,0.089,15,55,0.99745,3.31,0.57,10.4,red
7.6,0.42,0.08,2.7,0.084,15,48,0.9968,3.21,0.59,10,red
9.6,0.5,0.36,2.8,0.116,26,55,0.99722,3.18,0.68,10.9,red
6.3,1.02,0,2,0.083,17,24,0.99437,3.59,0.55,11.2,red
10,0.38,0.38,1.6,0.169,27,90,0.99914,3.15,0.65,8.5,red
7.3,0.19,0.27,13.9,0.057,45,155,0.99807,2.94,0.41,8.8,white
6.8,0.815,0,1.2,0.267,16,29,0.99471,3.32,0.51,9.8,red
7.2,0.19,0.27,11.2,0.061,46,149,0.99772,2.99,0.59,9.3,white
6.8,0.23,0.3,6.95,0.044,42,179,0.9946,3.25,0.56,10.6,white
9.2,0.63,0.21,2.7,0.097,29,65,0.9988,3.28,0.58,9.6,red
5.8,0.18,0.37,1.2,0.036,19,74,0.98853,3.09,0.49,12.7,white
6.4,0.15,0.4,1.3,0.053,61,146,0.99112,3.17,0.68,11,white
8.3,0.26,0.37,1.4,0.076,8,23,0.9974,3.26,0.7,9.6,red
6.9,0.33,0.21,1,0.053,39,148,0.9927,3.12,0.45,9.4,white
8.9,0.5,0.21,2.2,0.088,21,39,0.99692,3.33,0.83,11.1,red
6.7,0.66,0,13,0.033,32,75,0.99551,3.15,0.5,10.7,white
6.9,0.37,0.23,9.5,0.057,54,166,0.99568,3.23,0.42,10,white
7,0.685,0,1.9,0.099,9,22,0.99606,3.34,0.6,9.7,red
8.9,0.48,0.24,2.85,0.094,35,106,0.9982,3.1,0.53,9.2,red
6.1,0.27,0.31,1.5,0.035,17,83,0.99076,3.32,0.44,11.1,white
6,0.19,0.37,9.7,0.032,17,50,0.9932,3.08,0.66,12,white
6.6,0.52,0.04,2.2,0.069,8,15,0.9956,3.4,0.63,9.4,red
9.4,0.41,0.48,4.6,0.072,10,20,0.9973,3.34,0.79,12.2,red
7.1,0.55,0.13,1.7,0.073,21,165,0.994,2.97,0.58,9.2,white
5.7,0.22,0.22,16.65,0.044,39,110,0.99855,3.24,0.48,9,white
6.6,0.16,0.3,1.6,0.034,15,78,0.992,3.38,0.44,11.2,white
8,0.715,0.22,2.3,0.075,13,81,0.99688,3.24,0.54,9.5,red
7.6,0.51,0.24,2.4,0.091,8,38,0.998,3.47,0.66,9.6,red
6.7,0.67,0.02,1.9,0.061,26,42,0.99489,3.39,0.82,10.9,red
6.1,0.24,0.3,1.5,0.045,22,61,0.992,3.31,0.54,10.4,white
12,0.38,0.56,2.1,0.093,6,24,0.99925,3.14,0.71,10.9,red
6,0.45,0.65,9.7,0.08,11,159,0.9956,3.04,0.48,9.4,white
15.9,0.36,0.65,7.5,0.096,22,71,0.9976,2.98,0.84,14.9,red
6.4,0.24,0.26,8.2,0.054,47,182,0.99538,3.12,0.5,9.5,white
7.7,0.16,0.49,2,0.056,20,124,0.9948,3.32,0.49,10.7,white
7.8,0.53,0.33,2.4,0.08,24,144,0.99655,3.3,0.6,9.5,red
6.9,0.605,0.12,10.7,0.073,40,83,0.9993,3.45,0.52,9.4,red
5.4,0.3,0.3,1.2,0.029,25,93,0.98742,3.31,0.4,13.6,white
8.3,0.85,0.14,2.5,0.093,13,54,0.99724,3.36,0.54,10.1,red
7.4,0.37,0.43,2.6,0.082,18,82,0.99708,3.33,0.68,9.7,red
7.2,0.725,0.05,4.65,0.086,4,11,0.9962,3.41,0.39,10.9,red
11.5,0.18,0.51,4,0.104,4,23,0.9996,3.28,0.97,10.1,red
6.2,0.46,0.17,1.6,0.073,7,11,0.99425,3.61,0.54,11.4,red
7.6,0.42,0.25,3.9,0.104,28,90,0.99784,3.15,0.57,9.1,red
6,0.5,0,1.4,0.057,15,26,0.99448,3.36,0.45,9.5,red
6.3,0.26,0.49,1.5,0.052,34,134,0.9924,2.99,0.61,9.8,white
10.2,0.44,0.42,2,0.071,7,20,0.99566,3.14,0.79,11.1,red
6.6,0.23,0.3,4.6,0.06,29,154,0.99142,3.23,0.49,12.2,white
7.1,0.2,0.27,9.6,0.037,19,105,0.99444,3.04,0.37,10.5,white
4.8,0.17,0.28,2.9,0.03,22,111,0.9902,3.38,0.34,11.3,white
6.9,0.26,0.38,10.5,0.044,33,139,0.99517,3.06,0.5,10.3,white
13.5,0.53,0.79,4.8,0.12,23,77,1.0018,3.18,0.77,13,red
7.9,0.14,0.28,1.8,0.041,44,178,0.9954,3.45,0.43,9.2,white
6.6,0.52,0.44,12.2,0.048,54,245,0.9975,3.26,0.54,9.3,white
7.1,0.34,0.49,1.5,0.027,26,126,0.99,3.3,0.33,12.2,white
9.2,0.58,0.2,3,0.081,15,115,0.998,3.23,0.59,9.5,red
6.8,0.62,0.08,1.9,0.068,28,38,0.99651,3.42,0.82,9.5,red
7,0.21,0.22,5.1,0.048,38,168,0.9945,3.34,0.49,10.4,white
6.6,0.23,0.3,14.9,0.051,33,118,0.99835,3.04,0.54,9,white
7.2,0.62,0.01,2.3,0.065,8,46,0.99332,3.32,0.51,11.8,red
9,0.8,0.12,2.4,0.083,8,28,0.99836,3.33,0.65,10.4,red
8.6,0.49,0.51,2,0.422,16,62,0.9979,3.03,1.17,9,red
9.7,0.14,0.59,1.5,0.049,23,142,0.9958,2.98,0.62,9.5,white
7.1,0.27,0.24,12.6,0.044,48,118,0.99726,3.04,0.56,10,white
7.3,0.32,0.25,7.2,0.056,47,180,0.9961,3.08,0.47,8.8,white
10.8,0.45,0.33,2.5,0.099,20,38,0.99818,3.24,0.71,10.8,red
7.3,0.28,0.35,1.6,0.054,31,148,0.99178,3.18,0.47,10.7,white
6.1,0.59,0.01,2.1,0.056,5,13,0.99472,3.52,0.56,11.4,red
8.7,0.675,0.1,1.6,0.09,4,11,0.99745,3.31,0.65,9.55,red
7.4,0.16,0.3,13.7,0.056,33,168,0.99825,2.9,0.44,8.7,white
7.4,0.67,0.12,1.6,0.186,5,21,0.996,3.39,0.54,9.5,red
8.7,0.78,0.51,1.7,0.415,12,66,0.99623,3,1.17,9.2,red
6.2,0.29,0.23,12.4,0.048,33,201,0.99612,3.11,0.56,9.9,white
7.8,0.6,0.26,2,0.08,31,131,0.99622,3.21,0.52,9.9,red
6.2,0.45,0.2,1.6,0.069,3,15,0.9958,3.41,0.56,9.2,red
7.4,0.25,0.36,13.2,0.067,53,178,0.9976,3.01,0.48,9,white
5.6,0.19,0.47,4.5,0.03,19,112,0.9922,3.56,0.45,11.2,white
7.7,0.32,0.62,10.6,0.036,56,153,0.9978,3.13,0.44,8.9,white
6.9,0.56,0.03,1.5,0.086,36,46,0.99522,3.53,0.57,10.6,red
6.9,0.4,0.14,2.4,0.085,21,40,0.9968,3.43,0.63,9.7,red
7.9,0.58,0.23,2.3,0.076,23,94,0.99686,3.21,0.58,9.5,red
7.3,0.29,0.29,4.6,0.029,27,155,0.9931,3.07,0.26,10.6,white
6.3,0.3,0.34,1.6,0.049,14,132,0.994,3.3,0.49,9.5,white
6.5,0.3,0.39,7.8,0.038,61,219,0.9959,3.19,0.5,9.4,white
7.9,0.545,0.06,4,0.087,27,61,0.9965,3.36,0.67,10.7,red
7,0.36,0.21,2.4,0.086,24,69,0.99556,3.4,0.53,10.1,red
7,0.44,0.24,12.1,0.056,68,210,0.99718,3.05,0.5,9.5,white
7.5,0.49,0.19,1.9,0.076,10,44,0.9957,3.39,0.54,9.7,red
7,0.43,0.02,1.9,0.08,15,28,0.99492,3.35,0.81,10.6,red
6.5,0.2,0.24,9.2,0.044,25,150,0.99502,3.22,0.44,10.5,white
13.4,0.27,0.62,2.6,0.082,6,21,1.0002,3.16,0.67,9.7,red
6.5,0.33,0.28,6.1,0.018,41,103,0.99122,3.24,0.32,12.2,white
8.2,0.28,0.4,2.4,0.052,4,10,0.99356,3.33,0.7,12.8,red
8,0.25,0.27,9.7,0.036,15,85,0.99406,2.99,0.36,11.2,white
6.8,0.28,0.39,1.4,0.036,15,115,0.9918,3.27,0.72,11.7,white
11.5,0.45,0.5,3,0.078,19,47,1.0003,3.26,1.11,11,red
8.3,0.845,0.01,2.2,0.07,5,14,0.9967,3.32,0.58,11,red
10.2,0.54,0.37,15.4,0.214,55,95,1.00369,3.18,0.77,9,red
6.4,0.21,0.34,16.05,0.04,56,142,0.99678,3.11,0.38,10.6,white
6.6,0.66,0,3,0.115,21,31,0.99629,3.45,0.63,10.3,red
8.8,0.7,0,1.7,0.069,8,19,0.99701,3.31,0.53,10,red
6.5,0.08,0.33,1.9,0.028,23,93,0.991,3.34,0.7,12,white
6.4,0.23,0.26,8.1,0.054,47,181,0.9954,3.12,0.49,9.4,white
7.4,0.33,0.26,15.6,0.049,67,210,0.99907,3.06,0.68,9.5,white
7.5,0.21,0.29,1.5,0.046,35,107,0.99123,3.15,0.45,11.3,white
6.3,0.37,0.37,1.5,0.024,12,76,0.98876,2.94,0.39,12.3,white
6.6,0.42,0.33,2.8,0.034,15,85,0.99,3.28,0.51,13.4,white
8.7,0.29,0.52,1.6,0.113,12,37,0.9969,3.25,0.58,9.5,red
7.1,0.48,0.28,2.8,0.068,6,16,0.99682,3.24,0.53,10.3,red
12.8,0.3,0.74,2.6,0.095,9,28,0.9994,3.2,0.77,10.8,red
9.9,0.35,0.41,2.3,0.083,11,61,0.9982,3.21,0.5,9.5,red
7.6,0.445,0.44,14.5,0.045,68,212,0.9986,3.48,0.36,10,white
6.8,0.59,0.1,1.7,0.063,34,53,0.9958,3.41,0.67,9.7,red
6.6,0.56,0.16,3.1,0.045,28,92,0.994,3.12,0.35,9.1,white
7,0.56,0.13,1.6,0.077,25,42,0.99629,3.34,0.59,9.2,red
7.6,0.31,0.52,13.2,0.042,61,148,0.99839,2.98,0.47,9.1,white
6.3,0.27,0.46,11.1,0.053,44,177,0.99691,3.18,0.67,9.4,white
8,0.42,0.17,2,0.073,6,18,0.9972,3.29,0.61,9.2,red
7.4,0.19,0.3,12.8,0.053,48.5,229,0.9986,3.14,0.49,9.1,white
5.8,0.61,0.11,1.8,0.066,18,28,0.99483,3.55,0.66,10.9,red
6.4,0.31,0.31,12.9,0.045,55,161,0.99546,3.02,0.59,10.2,white
6.7,0.24,0.31,2.3,0.044,37,113,0.99013,3.29,0.46,12.9,white
6.8,0.25,0.34,4.7,0.031,34,134,0.9927,3.21,0.38,10.6,white
8.1,0.25,0.38,3.8,0.051,18,129,0.9928,3.21,0.38,11.5,white
7,0.32,0.27,7.1,0.027,37,122,0.99165,3.15,0.6,12.6,white
6.1,0.32,0.25,1.7,0.034,37,136,0.992,3.47,0.5,10.8,white
6.8,0.5,0.11,1.5,0.075,16,49,0.99545,3.36,0.79,9.5,red
6.8,0.27,0.12,1.3,0.04,87,168,0.992,3.18,0.41,10,white
7.5,0.71,0,1.6,0.092,22,31,0.99635,3.38,0.58,10,red
7.9,0.33,0.23,1.7,0.077,18,45,0.99625,3.29,0.65,9.3,red
7.6,0.33,0.36,2.1,0.034,26,172,0.9944,3.42,0.48,10.5,white
8.4,0.62,0.09,2.2,0.084,11,108,0.9964,3.15,0.66,9.8,red
6.5,0.28,0.35,15.4,0.042,55,195,0.9978,3.23,0.5,9.6,white
7,0.11,0.32,4.6,0.057,59,144,0.9956,3.55,0.44,9.4,white
7.1,0.46,0.14,2.8,0.076,15,37,0.99624,3.36,0.49,10.7,red
7.6,0.55,0.21,2.2,0.071,7,28,0.9964,3.28,0.55,9.7,red
6.3,0.36,0.19,3.2,0.075,15,39,0.9956,3.56,0.52,12.7,red
6.1,0.48,0.09,1.7,0.078,18,30,0.99402,3.45,0.54,11.2,red
9.2,0.53,0.24,2.6,0.078,28,139,0.99788,3.21,0.57,9.5,red
6.4,0.25,0.57,1,0.062,21,122,0.99238,3,0.4,9.5,white
6.5,0.51,0.15,3,0.064,12,27,0.9929,3.33,0.59,12.8,red
11.5,0.315,0.54,2.1,0.084,5,15,0.9987,2.98,0.7,9.2,red
7.7,0.49,0.26,1.9,0.062,9,31,0.9966,3.39,0.64,9.6,red
7.8,0.56,0.19,2,0.081,17,108,0.9962,3.32,0.54,9.5,red
6.9,0.4,0.24,2.5,0.083,30,45,0.9959,3.26,0.58,10,red
8.2,0.26,0.34,2.5,0.073,16,47,0.99594,3.4,0.78,11.3,red
7,0.735,0.05,2,0.081,13,54,0.9966,3.39,0.57,9.8,red
8.3,0.65,0.1,2.9,0.089,17,40,0.99803,3.29,0.55,9.5,red
8.8,0.33,0.36,2.1,0.034,19,125,0.99166,2.96,0.98,12.7,white
8,0.71,0,2.6,0.08,11,34,0.9976,3.44,0.53,9.5,red
6.2,0.58,0,1.6,0.065,8,18,0.9966,3.56,0.84,9.4,red
10.3,0.59,0.42,2.8,0.09,35,73,0.999,3.28,0.7,9.5,red
7.8,0.25,0.28,7.2,0.04,46,179,0.99541,3.14,0.6,10.1,white
6.1,0.26,0.25,2.9,0.047,289,440,0.99314,3.44,0.64,10.5,white
7.3,0.24,0.43,2,0.021,20,69,0.99,3.08,0.56,12.2,white
7.7,0.25,0.3,7.8,0.038,67,196,0.99555,3.1,0.5,10.1,white
7.1,0.53,0.07,1.7,0.071,15,24,0.9951,3.29,0.66,10.8,red
6.3,0.23,0.22,3.75,0.039,37,116,0.9927,3.23,0.5,10.7,white
11.1,0.35,0.48,3.1,0.09,5,21,0.9986,3.17,0.53,10.5,red
7.2,0.34,0.32,2.5,0.09,43,113,0.9966,3.32,0.79,11.1,red
6.4,0.42,0.09,2.3,0.054,34,64,0.99724,3.41,0.68,10.4,red
8.8,0.42,0.21,2.5,0.092,33,88,0.99823,3.19,0.52,9.2,red
8.4,0.62,0.12,1.8,0.072,38,46,0.99504,3.38,0.89,11.8,red
9.2,0.19,0.42,2,0.047,16,104,0.99517,3.09,0.66,10,white
8.2,0.24,0.3,2.3,0.05,23,106,0.99397,2.98,0.5,10,white
7.3,0.15,0.4,2,0.05,24,92,0.9932,3.14,0.45,10.5,white
6.5,0.33,0.24,14.5,0.048,20,96,0.99456,3.06,0.3,11.5,white
5.8,0.27,0.4,1.2,0.076,47,130,0.99185,3.13,0.45,10.3,white
6.7,0.44,0.22,4.3,0.032,19,99,0.99015,3.26,0.53,12.8,white
5.8,0.555,0.26,4.5,0.053,17,126,0.9943,3.24,0.46,9.1,white
7.5,0.24,0.31,13.1,0.05,26,180,0.99884,3.05,0.53,9.1,white
8.8,0.24,0.54,2.5,0.083,25,57,0.9983,3.39,0.54,9.2,red
6.9,0.38,0.29,13.65,0.048,52,189,0.99784,3,0.6,9.5,white
5.9,0.31,0.3,7.7,0.047,60,206,0.995,3.2,0.39,9.6,white
7.7,0.17,0.52,5.9,0.017,21,84,0.9929,3.14,0.4,11.9,white
7.1,0.85,0.49,8.7,0.028,40,184,0.9962,3.22,0.36,10.7,white
6.1,0.23,0.45,10.6,0.094,49,169,0.99699,3.05,0.54,8.8,white
7,0.15,0.28,14.7,0.051,29,149,0.99792,2.96,0.39,9,white
6.15,0.21,0.37,3.2,0.021,20,80,0.99076,3.39,0.47,12,white
6,0.58,0.2,2.4,0.075,15,50,0.99467,3.58,0.67,12.5,red
8.1,0.29,0.49,7.1,0.042,22,124,0.9944,3.14,0.41,10.8,white
7.6,0.3,0.27,10.6,0.039,31,119,0.99815,3.27,0.3,9.3,white
7.5,0.28,0.41,1.3,0.044,11,126,0.99293,3.28,0.45,10.3,white
7.7,0.24,0.29,15.3,0.044,39,194,0.9982,3.06,0.47,9.6,white
9.3,0.39,0.44,2.1,0.107,34,125,0.9978,3.14,1.22,9.5,red
5.2,0.49,0.26,2.3,0.09,23,74,0.9953,3.71,0.62,12.2,red
7.9,0.72,0.17,2.6,0.096,20,38,0.9978,3.4,0.53,9.5,red
6.3,0.21,0.28,1.5,0.051,46,142,0.9928,3.23,0.42,10.1,white
7.1,0.26,0.34,14.4,0.067,35,189,0.9986,3.07,0.53,9.1,white
7.6,0.645,0.03,1.9,0.086,14,57,0.9969,3.37,0.46,10.3,red
6.7,0.27,0.25,8,0.053,54,202,0.9961,3.22,0.43,9.3,white
6.6,0.44,0.32,3,0.095,13,75,0.98954,3.1,0.63,12.8,white
8.8,0.61,0.19,4,0.094,30,69,0.99787,3.22,0.5,10,red
7.4,0.21,0.27,7.3,0.031,41,144,0.9932,3.15,0.38,11.8,white
6.6,0.4,0.32,1.7,0.035,39,84,0.99096,3.59,0.48,12.7,white
6.9,0.31,0.34,7.4,0.059,36,174,0.9963,3.46,0.62,11.1,white
7.7,0.18,0.34,2.7,0.066,15,58,0.9947,3.37,0.78,11.8,red
7.6,0.15,0.35,4.3,0.051,23,98,0.99422,3.1,0.44,9.5,white
7.5,0.61,0.26,1.9,0.073,24,88,0.99612,3.3,0.53,9.8,red
11.1,0.39,0.54,2.7,0.095,21,101,1.0001,3.13,0.51,9.5,red
6.1,0.44,0.28,4.25,0.032,43,132,0.9916,3.26,0.47,11.3,white
7,0.24,0.36,4.9,0.083,10,133,0.9942,3.33,0.37,10.8,white
7.2,0.24,0.28,1.9,0.032,30,92,0.9914,3.1,0.39,10.9,white
7.8,0.18,0.46,12.6,0.042,41,143,1,3.24,0.76,8.5,white
7.1,0.61,0.02,2.5,0.081,17,87,0.99745,3.48,0.6,9.7,red
10.6,0.36,0.6,2.2,0.152,7,18,0.9986,3.04,1.06,9.4,red
8.4,0.59,0.29,2.6,0.109,31,119,0.99801,3.15,0.5,9.1,red
8.7,0.34,0.46,13.8,0.055,68,198,0.9988,3.36,0.37,9.5,white
7.7,0.715,0.01,2.1,0.064,31,43,0.99371,3.41,0.57,11.8,red
7.3,0.17,0.36,8.2,0.028,44,111,0.99272,3.14,0.41,12.4,white
7.9,0.22,0.38,8,0.043,46,152,0.9934,3.12,0.32,11.5,white
7.2,0.24,0.36,2,0.029,21,63,0.99076,3.13,0.63,12.5,white
5.9,0.19,0.21,1.7,0.045,57,135,0.99341,3.32,0.44,9.5,red
7.3,0.18,0.29,1,0.036,26,101,0.99,3.09,0.37,11.7,white
8.5,0.15,0.49,1.5,0.031,17,122,0.9932,3.03,0.4,10.3,white
7.6,0.2,0.68,12.9,0.042,56,160,0.99841,3.05,0.41,8.7,white
6.8,0.27,0.49,1.2,0.044,35,126,0.99,3.13,0.48,12.1,white
7.4,0.61,0.01,2,0.074,13,38,0.99748,3.48,0.65,9.8,red
6.5,0.44,0.47,5.45,0.014,44,137,0.98984,3.13,0.32,13,white
9.8,1.24,0.34,2,0.079,32,151,0.998,3.15,0.53,9.5,red
7.4,0.35,0.33,2.4,0.068,9,26,0.9947,3.36,0.6,11.9,red
8.8,0.33,0.41,5.9,0.073,7,13,0.99658,3.3,0.62,12.1,red
7,0.78,0.08,2,0.093,10,19,0.9956,3.4,0.47,10,red
6.4,0.3,0.51,5.5,0.048,62,172,0.9942,3.08,0.45,9.1,white
7,0.685,0,1.9,0.067,40,63,0.9979,3.6,0.81,9.9,red
13,0.32,0.65,2.6,0.093,15,47,0.9996,3.05,0.61,10.6,red
7.1,0.59,0,2.1,0.091,9,14,0.99488,3.42,0.55,11.5,red
8,0.66,0.72,17.55,0.042,62,233,0.9999,2.92,0.68,9.4,white
7.2,0.645,0,1.9,0.097,15,39,0.99675,3.37,0.58,9.2,red
10.5,0.24,0.47,2.1,0.066,6,24,0.9978,3.15,0.9,11,red
7.2,0.63,0,1.9,0.097,14,38,0.99675,3.37,0.58,9,red
7.4,0.49,0.19,3,0.077,16,37,0.9966,3.37,0.51,10.5,red
6.6,0.4,0.46,6.2,0.056,42,241,0.9968,3.5,0.6,9.9,white
5.8,0.36,0.26,3.3,0.038,40,153,0.9911,3.34,0.55,11.3,white
7,0.4,0.32,3.6,0.061,9,29,0.99416,3.28,0.49,11.3,red
7.5,0.63,0.27,2,0.083,17,91,0.99616,3.26,0.58,9.8,red
7.5,0.26,0.59,11.8,0.046,58,164,0.99814,3.17,0.46,8.9,white
6.8,0.25,0.24,1.6,0.045,39,164,0.99402,3.53,0.58,10.8,white
7.7,0.26,0.3,1.7,0.059,20,38,0.9949,3.29,0.47,10.8,red
7.8,0.5,0.17,1.6,0.082,21,102,0.996,3.39,0.48,9.5,red
5.7,0.26,0.27,4.1,0.201,73.5,189.5,0.9942,3.27,0.38,9.4,white
9.8,0.66,0.39,3.2,0.083,21,59,0.9989,3.37,0.71,11.5,red
6.9,0.41,0.31,2,0.079,21,51,0.99668,3.47,0.55,9.5,red
6.1,0.6,0.12,1.8,0.05,11,76,0.99268,3.42,0.48,10.4,white
6.7,0.21,0.37,2.5,0.034,35,89,0.9913,3.25,0.5,11,white
6.6,0.39,0.49,1.7,0.07,23,149,0.9922,3.12,0.5,11.5,red
7.2,0.48,0.07,5.5,0.089,10,18,0.99684,3.37,0.68,11.2,red
11.1,0.31,0.53,2.2,0.06,3,10,0.99572,3.02,0.83,10.9,red
7.2,0.3,0.3,8.1,0.05,40,188,0.99652,3.15,0.49,9.1,white
6.8,0.27,0.22,17.8,0.034,16,116,0.9989,3.07,0.53,9.2,white
8.3,0.655,0.12,2.3,0.083,15,113,0.9966,3.17,0.66,9.8,red
7,0.24,0.24,9,0.03,42,219,0.99636,3.47,0.46,10.2,white
11.9,0.38,0.49,2.7,0.098,12,42,1.0004,3.16,0.61,10.3,red
6.3,0.36,0.28,2.5,0.035,18,73,0.98868,3.1,0.47,12.8,white
11.6,0.32,0.55,2.8,0.081,35,67,1.0002,3.32,0.92,10.8,red
7.5,0.34,0.28,4,0.028,46,100,0.98958,3.2,0.5,13.2,white
8.3,0.615,0.22,2.6,0.087,6,19,0.9982,3.26,0.61,9.3,red
8.1,0.38,0.28,2.1,0.066,13,30,0.9968,3.23,0.73,9.7,red
6.9,0.32,0.26,2.3,0.03,11,103,0.99106,3.06,0.42,11.1,white
9.4,0.4,0.47,2.5,0.087,6,20,0.99772,3.15,0.5,10.5,red
9.9,0.49,0.58,3.5,0.094,9,43,1.0004,3.29,0.58,9,red
7.4,0.18,0.42,2.1,0.036,33,187,0.9938,3.4,0.41,10.6,white
8.2,0.24,0.34,5.1,0.062,8,22,0.9974,3.22,0.94,10.9,red
6.5,0.18,0.41,14.2,0.039,47,129,0.99678,3.28,0.72,10.3,white
5.4,0.42,0.27,2,0.092,23,55,0.99471,3.78,0.64,12.3,red
6.9,0.44,0.42,8.5,0.048,10,147,0.9974,3.32,0.46,9.5,white
6,0.2,0.33,1.1,0.039,45,126,0.99051,3.31,0.45,11.6,white
8.8,0.55,0.04,2.2,0.119,14,56,0.9962,3.21,0.6,10.9,red
5.7,0.43,0.3,5.7,0.039,24,98,0.992,3.54,0.61,12.3,white
9.9,0.54,0.45,2.3,0.071,16,40,0.9991,3.39,0.62,9.4,red
6.2,0.29,0.29,5.6,0.046,35,178,0.99313,3.25,0.51,10.5333333333333,white
5.7,0.22,0.28,1.3,0.027,26,101,0.98948,3.35,0.38,12.5,white
7.8,0.22,0.26,9,0.047,38,132,0.997,3.25,0.53,10.2,white
7.6,0.28,0.17,1.6,0.046,28,117,0.99288,3.08,0.43,10,white
9.3,0.5,0.36,1.8,0.084,6,17,0.99704,3.27,0.77,10.8,red
7.8,0.26,0.31,3.6,0.025,22,100,0.99066,2.99,0.47,12.1,white
7.4,0.16,0.27,15.5,0.05,25,135,0.9984,2.9,0.43,8.7,white
7.8,0.59,0.18,2.3,0.076,17,54,0.9975,3.43,0.59,10,red
12.6,0.41,0.54,2.8,0.103,19,41,0.99939,3.21,0.76,11.3,red
6.4,0.26,0.49,6.4,0.037,37,161,0.9954,3.38,0.53,9.7,white
7.3,0.39,0.31,2.4,0.074,9,46,0.9962,3.41,0.54,9.4,red
8.7,0.765,0.22,2.3,0.064,9,42,0.9963,3.1,0.55,9.4,red
7.5,0.31,0.51,14.8,0.039,62,204,0.9982,3.06,0.6,9.5,white
7.2,0.32,0.4,8.7,0.038,45,154,0.99568,3.2,0.47,10.4,white
7.1,0.63,0.06,2,0.083,8,29,0.99855,3.67,0.73,9.6,red
7.6,0.5,0.29,2.3,0.086,5,14,0.99502,3.32,0.62,11.5,red
5.2,0.34,0,1.8,0.05,27,63,0.9916,3.68,0.79,14,red
12.4,0.4,0.51,2,0.059,6,24,0.9994,3.04,0.6,9.3,red
7.7,0.56,0.2,2,0.075,9,39,0.9987,3.48,0.62,9.3,red
7.3,0.43,0.24,2.5,0.078,27,67,0.99648,3.6,0.59,11.1,red
7,0.69,0.07,2.5,0.091,15,21,0.99572,3.38,0.6,11.3,red
7.4,0.2,0.37,16.95,0.048,43,190,0.9995,3.03,0.42,9.2,white
7.7,0.38,0.23,10.8,0.03,28,95,0.99164,2.93,0.41,13.6,white
7.4,0.36,0.34,1.8,0.075,18,38,0.9933,3.38,0.88,13.6,red
5.8,0.17,0.34,1.8,0.045,96,170,0.99035,3.38,0.9,11.8,white
7,0.2,0.38,8.1,0.05,42,173,0.99585,3.3,0.54,9.8,white
6.7,0.855,0.02,1.9,0.064,29,38,0.99472,3.3,0.56,10.75,red
6.9,0.15,0.29,2.3,0.033,14,82,0.99132,3.1,0.58,11.2,white
7.4,0.66,0,1.8,0.075,13,40,0.9978,3.51,0.56,9.4,red
6.9,0.19,0.35,13.5,0.038,49,118,0.99546,3,0.63,10.7,white
10.5,0.59,0.49,2.1,0.07,14,47,0.9991,3.3,0.56,9.6,red
6,0.5,0,1.4,0.057,15,26,0.99448,3.36,0.45,9.5,red
7.7,0.66,0.04,1.6,0.039,4,9,0.9962,3.4,0.47,9.4,red
7.3,0.32,0.29,1.5,0.038,32,144,0.99296,3.2,0.55,10.8,white
7.7,0.58,0.1,1.8,0.102,28,109,0.99565,3.08,0.49,9.8,red
6.7,0.46,0.21,4,0.034,12,88,0.99016,3.26,0.54,13,white
5.3,0.3,0.2,1.1,0.077,48,166,0.9944,3.3,0.54,8.7,white
6.3,0.3,0.91,8.2,0.034,50,199,0.99394,3.39,0.49,11.7,white
9.3,0.37,0.44,1.6,0.038,21,42,0.99526,3.24,0.81,10.8,red
8.6,0.645,0.25,2,0.083,8,28,0.99815,3.28,0.6,10,red
8.2,0.59,0,2.5,0.093,19,58,1.0002,3.5,0.65,9.3,red
6.1,0.3,0.47,1.4,0.049,50,187,0.9927,3.19,0.45,9.5,white
7.6,0.41,0.24,1.8,0.08,4,11,0.9962,3.28,0.59,9.5,red
9.4,0.5,0.34,3.6,0.082,5,14,0.9987,3.29,0.52,10.7,red
9.1,0.28,0.46,9,0.114,3,9,0.99901,3.18,0.6,10.9,red
6,0.64,0.05,1.9,0.066,9,17,0.99496,3.52,0.78,10.6,red
7.8,0.56,0.19,1.8,0.104,12,47,0.9964,3.19,0.93,9.5,red
7.6,0.41,0.14,3,0.087,21,43,0.9964,3.32,0.57,10.5,red
7.7,0.51,0.28,2.1,0.087,23,54,0.998,3.42,0.74,9.2,red
6.3,0.21,0.33,13.9,0.046,68,179,0.9971,3.36,0.5,10.4,white
6.8,0.22,0.31,6.3,0.035,33,170,0.9918,3.24,0.66,12.6,white
7.5,0.6,0.03,1.8,0.095,25,99,0.995,3.35,0.54,10.1,red
7.5,0.55,0.24,2,0.078,10,28,0.9983,3.45,0.78,9.5,red
7.1,0.68,0,2.3,0.087,17,26,0.99783,3.45,0.53,9.5,red
9.2,0.16,0.49,2,0.044,18,107,0.99514,3.1,0.53,10.2,white
6,0.26,0.33,4.35,0.04,15,80,0.98934,3.29,0.5,12.7,white
8.5,0.28,0.35,1.7,0.061,6,15,0.99524,3.3,0.74,11.8,red
7.7,0.26,0.26,2,0.052,19,77,0.9951,3.15,0.79,10.9,red
6.4,0.4,0.19,3.2,0.033,28,124,0.9904,3.22,0.54,12.7,white
7.9,0.72,0.01,1.9,0.076,7,32,0.99668,3.39,0.54,9.6,red
7,0.28,0.33,14.6,0.043,47,168,0.9994,3.34,0.67,8.8,white
7,0.42,0.19,2.3,0.071,18,36,0.99476,3.39,0.56,10.9,red
7.3,0.34,0.33,2.5,0.064,21,37,0.9952,3.35,0.77,12.1,red
7.1,0.2,0.27,9.6,0.037,19,105,0.99444,3.04,0.37,10.5,white
6.7,0.16,0.32,12.5,0.035,18,156,0.99666,2.88,0.36,9,white
7.9,0.34,0.44,6.5,0.027,47,126,0.99124,2.96,0.37,12.5,white
6.4,0.69,0,1.65,0.055,7,12,0.99162,3.47,0.53,12.9,red
7.5,0.29,0.36,15.7,0.05,29,124,0.9968,3.06,0.54,10.4,white
7.1,0.145,0.33,4.6,0.05,33,131,0.9942,3.28,0.4,9.6,white
11.6,0.41,0.54,1.5,0.095,22,41,0.99735,3.02,0.76,9.9,red
6.1,0.25,0.49,7.6,0.052,67,226,0.9956,3.16,0.47,8.9,white
7.6,0.35,0.6,2.6,0.073,23,44,0.99656,3.38,0.79,11.1,red
5.5,0.31,0.29,3,0.027,16,102,0.99067,3.23,0.56,11.2,white
7,0.19,0.33,6.3,0.032,42,127,0.99182,3.31,0.38,12.2,white
6,0.16,0.3,6.7,0.043,43,153,0.9951,3.63,0.46,10.6,white
6.2,0.56,0.09,1.7,0.053,24,32,0.99402,3.54,0.6,11.3,red
12.6,0.39,0.49,2.5,0.08,8,20,0.9992,3.07,0.82,10.3,red
5.8,0.23,0.27,1.8,0.043,24,69,0.9933,3.38,0.31,9.4,white
5.6,0.245,0.25,9.7,0.032,12,68,0.994,3.31,0.34,10.5,white
7.1,0.59,0.02,2.3,0.082,24,94,0.99744,3.55,0.53,9.7,red
7.3,0.38,0.21,2,0.08,7,35,0.9961,3.33,0.47,9.5,red
6.9,0.32,0.17,7.6,0.042,69,219,0.9959,3.13,0.4,8.9,white
6.9,0.4,0.37,8.9,0.053,36,148,0.996,3.16,0.5,9.3,white
9,0.53,0.49,1.9,0.171,6,25,0.9975,3.27,0.61,9.4,red
7,0.24,0.26,1.7,0.041,31,110,0.99142,3.2,0.53,11,white
8.9,0.32,0.49,1.6,0.05,17,131,0.9956,3.13,0.34,9.4,white
7.6,0.645,0.03,1.9,0.086,14,57,0.9969,3.37,0.46,10.3,red
6.6,0.725,0.09,5.5,0.117,9,17,0.99655,3.35,0.49,10.8,red
6.9,0.28,0.41,1.4,0.016,6,55,0.98876,3.16,0.4,13.4,white
11.5,0.42,0.48,2.6,0.077,8,20,0.99852,3.09,0.53,11,red
6.4,0.38,0.24,7.2,0.047,41,151,0.99604,3.11,0.6,9.2,white
7.9,0.37,0.23,1.8,0.077,23,49,0.9963,3.28,0.67,9.3,red
8.1,0.87,0,3.3,0.096,26,61,1.00025,3.6,0.72,9.8,red
7.2,0.28,0.38,2,0.052,23,156,0.9912,3.13,0.52,11.1,white
6.8,0.31,0.32,7.6,0.052,35,143,0.9959,3.14,0.38,9,white
8.2,0.26,0.49,5.2,0.04,19,100,0.9941,3.12,0.34,10.1,white
7.7,0.44,0.24,11.2,0.031,41,167,0.9948,3.12,0.43,11.3,white
7,0.19,0.23,5.7,0.123,27,104,0.9954,3.04,0.54,9.4,white
9.1,0.52,0.33,1.3,0.07,9,30,0.9978,3.24,0.6,9.3,red
6.9,0.57,0,2.8,0.081,21,41,0.99518,3.41,0.52,10.8,red
8.1,0.33,0.36,7.4,0.037,36,156,0.99592,3.19,0.54,10.6,white
6.8,0.39,0.34,7.4,0.02,38,133,0.99212,3.18,0.44,12,white
7.8,0.49,0.49,7,0.043,29,149,0.9952,3.21,0.33,10,white
7.6,0.24,0.44,3.8,0.037,49,146,0.9911,3.06,0.37,11.6,white
7.2,0.4,0.24,8.5,0.055,45,151,0.99626,3.2,0.52,9.2,white
6.6,0.5,0.01,1.5,0.06,17,26,0.9952,3.4,0.58,9.8,red
7.2,0.725,0.05,4.65,0.086,4,11,0.9962,3.41,0.39,10.9,red
8.6,0.42,0.39,1.8,0.068,6,12,0.99516,3.35,0.69,11.7,red
6.3,0.21,0.28,1.5,0.051,46,142,0.9928,3.23,0.42,10.1,white
7.4,0.6,0.26,2.1,0.083,17,91,0.99616,3.29,0.56,9.8,red
6.2,0.21,0.27,1.7,0.038,41,150,0.9933,3.49,0.71,10.5,white
7.5,0.24,0.29,1.1,0.046,34,84,0.9902,3.04,0.39,11.45,white
8.8,0.61,0.3,2.8,0.088,17,46,0.9976,3.26,0.51,9.3,red
6.6,0.17,0.26,7.4,0.052,45,128,0.99388,3.16,0.37,10,white
9.8,0.39,0.43,1.65,0.068,5,11,0.99478,3.19,0.46,11.4,red
6.6,0.34,0.27,6.2,0.059,23,136,0.9957,3.3,0.49,10.1,white
7.2,0.37,0.32,2,0.062,15,28,0.9947,3.23,0.73,11.3,red
8,0.19,0.3,2,0.053,48,140,0.994,3.18,0.49,9.6,white
5.8,0.29,0.33,3.7,0.029,30,88,0.98994,3.25,0.42,12.3,white
7.9,0.35,0.46,3.6,0.078,15,37,0.9973,3.35,0.86,12.8,red
6.4,0.26,0.4,1.7,0.179,5,60,0.9925,3.09,0.54,10.1,white
9,0.29,0.34,12.1,0.03,34,177,0.99706,3.13,0.47,10.6,white
6.3,0.3,0.91,8.2,0.034,50,199,0.99394,3.39,0.49,11.7,white
7.5,0.35,0.37,2.5,0.066,29,89,0.98964,3.14,0.42,12.7,white
5.7,0.37,0.3,1.1,0.029,24,88,0.98883,3.18,0.39,11.7,white
6.1,0.21,0.4,1.4,0.066,40.5,165,0.9912,3.25,0.59,11.9,red
6.5,0.24,0.38,1,0.027,31,90,0.98926,3.24,0.36,12.3,white
6.6,0.19,0.99,1.2,0.122,45,129,0.9936,3.09,0.31,8.7,white
8.3,0.705,0.12,2.6,0.092,12,28,0.9994,3.51,0.72,10,red
6.1,0.17,0.28,2.5,0.028,22,98,0.99072,3.16,0.37,11.1,white
6.8,0.17,0.17,5.1,0.049,26,82,0.993,3,0.38,9.8,white
8.1,0.2,0.28,0.9,0.023,49,87,0.99062,2.92,0.36,11.1,white
8,0.745,0.56,2,0.118,30,134,0.9968,3.24,0.66,9.4,red
7.4,0.965,0,2.2,0.088,16,32,0.99756,3.58,0.67,10.2,red
10.1,0.31,0.44,2.3,0.08,22,46,0.9988,3.32,0.67,9.7,red
6.6,0.16,0.57,1.1,0.13,58,140,0.9927,3.12,0.39,9.3,white
6.4,0.18,0.31,1.6,0.049,36,127,0.9934,3.6,0.67,10.4,white
7.1,0.59,0.02,2.3,0.082,24,94,0.99744,3.55,0.53,9.7,red
7.1,0.19,0.28,3.6,0.033,16,78,0.993,2.91,0.78,11.4,white
6.8,0.18,0.21,5.4,0.053,34,104,0.99445,3.3,0.43,9.4,white
6.9,0.31,0.34,1.6,0.032,23,128,0.9917,3.37,0.47,11.7,white
8.4,0.52,0.22,2.7,0.084,4,18,0.99682,3.26,0.57,9.9,red
7.8,0.91,0.07,1.9,0.058,22,47,0.99525,3.51,0.43,10.7,red
7.3,0.98,0.05,2.1,0.061,20,49,0.99705,3.31,0.55,9.7,red
7.1,0.26,0.3,2,0.031,13,128,0.9917,3.19,0.49,11.4,white
6.3,0.41,0.16,0.9,0.032,25,98,0.99274,3.16,0.42,9.5,white
6.8,0.18,0.24,9.8,0.058,64,188,0.9952,3.13,0.51,10.6,white
7.3,0.51,0.18,2.1,0.07,12,28,0.99768,3.52,0.73,9.5,red
9.9,0.54,0.45,2.3,0.071,16,40,0.9991,3.39,0.62,9.4,red
6.1,0.22,0.28,16.55,0.059,54,135,0.99665,3.2,0.38,10.5,white
7.3,0.25,0.36,13.1,0.05,35,200,0.9986,3.04,0.46,8.9,white
6.8,0.34,0.36,8.9,0.029,44,128,0.99318,3.28,0.35,11.95,white
7.2,0.36,0.36,5.7,0.038,26,98,0.9914,2.93,0.59,12.5,white
7.1,0.27,0.6,2.1,0.074,17,25,0.99814,3.38,0.72,10.6,red
7.8,0.82,0.29,4.3,0.083,21,64,0.99642,3.16,0.53,9.4,red
11.6,0.475,0.4,1.4,0.091,6,28,0.99704,3.07,0.65,10.0333333333333,red
8.4,0.57,0.44,10.7,0.051,46,195,0.9981,3.15,0.51,10.4,white
11.3,0.36,0.66,2.4,0.123,3,8,0.99642,3.2,0.53,11.9,red
6.8,0.48,0.25,2,0.076,29,61,0.9953,3.34,0.6,10.4,red
6,0.26,0.18,7,0.055,50,194,0.99591,3.21,0.43,9,white
9.1,0.5,0.3,1.9,0.065,8,17,0.99774,3.32,0.71,10.5,red
6.7,0.62,0.21,1.9,0.079,8,62,0.997,3.52,0.58,9.3,red
6.8,0.49,0.22,2.3,0.071,13,24,0.99438,3.41,0.83,11.3,red
6.2,0.3,0.28,1.6,0.036,28,106,0.988245,3.14,0.41,13.3,white
7.3,0.58,0.3,2.4,0.074,15,55,0.9968,3.46,0.59,10.2,red
7.4,0.28,0.36,14.6,0.048,35,161,0.9968,3.14,0.56,10.6,white
7.5,0.25,0.32,8.2,0.024,53,209,0.99563,3.12,0.46,10.8,white
8.2,1,0.09,2.3,0.065,7,37,0.99685,3.32,0.55,9,red
7.1,0.35,0.29,2.5,0.096,20,53,0.9962,3.42,0.65,11,red
6.4,0.23,0.35,4.6,0.039,43,147,0.99216,3.18,0.4,11,white
6.1,0.45,0.27,0.8,0.039,13,82,0.9927,3.23,0.32,9.5,white
6.6,0.88,0.04,2.2,0.066,12,20,0.99636,3.53,0.56,9.9,red
8,0.77,0.32,2.1,0.079,16,74,0.99656,3.27,0.5,9.8,red
5.9,0.2,0.23,1.5,0.037,38,93,0.99021,3.36,0.49,12,white
7.1,0.68,0.07,1.9,0.075,16,51,0.99685,3.38,0.52,9.5,red
6.3,0.34,0.28,14.7,0.047,49,198,0.9977,3.23,0.46,9.5,white
8.9,0.5,0.21,2.2,0.088,21,39,0.99692,3.33,0.83,11.1,red
5.8,0.385,0.25,3.7,0.031,38,122,0.99128,3.2,0.63,11.2,white
9.1,0.34,0.42,1.8,0.058,9,18,0.99392,3.18,0.55,11.4,red
6.7,0.18,0.37,1.3,0.027,42,125,0.98939,3.24,0.37,12.8,white
7.9,0.43,0.21,1.6,0.106,10,37,0.9966,3.17,0.91,9.5,red
7.4,0.7,0,1.9,0.076,11,34,0.9978,3.51,0.56,9.4,red
5.9,0.26,0.21,12.5,0.034,36,152,0.9972,3.28,0.43,9.5,white
8.6,0.49,0.28,1.9,0.11,20,136,0.9972,2.93,1.95,9.9,red
7.7,0.32,0.48,2.3,0.04,28,114,0.9911,3.2,0.52,12.8,white
7.1,0.44,0.62,11.8,0.044,52,152,0.9975,3.12,0.46,8.7,white
8,0.3,0.63,1.6,0.081,16,29,0.99588,3.3,0.78,10.8,red
5.5,0.16,0.31,1.2,0.026,31,68,0.9898,3.33,0.44,11.6333333333333,white
7.8,0.26,0.27,1.9,0.051,52,195,0.9928,3.23,0.5,10.9,white
6.3,0.19,0.21,1.8,0.049,35,163,0.9924,3.31,0.5,10.3,white
7.4,0.19,0.3,12.8,0.053,48.5,229,0.9986,3.14,0.49,9.1,white
6.8,0.47,0.08,2.2,0.064,18,38,0.99553,3.3,0.65,9.6,red
10.6,0.48,0.64,2.2,0.111,6,20,0.997,3.26,0.66,11.7,red
6.5,0.32,0.12,11.5,0.033,35,165,0.9974,3.22,0.32,9,white
5.8,0.28,0.3,3.9,0.026,36,105,0.98963,3.26,0.58,12.75,white
7.3,0.67,0.05,3.6,0.107,6,20,0.9972,3.4,0.63,10.1,red
6.8,0.31,0.42,6.9,0.046,50,173,0.9958,3.19,0.46,9,white
9,0.45,0.49,2.6,0.084,21,75,0.9987,3.35,0.57,9.7,red
6.2,0.25,0.25,1.4,0.03,35,105,0.9912,3.3,0.44,11.1,white
7.1,0.46,0.23,13.7,0.045,44,192,0.9981,3.11,0.53,9.4,white
6.9,0.16,0.3,9.6,0.057,50,185,0.9978,3.39,0.38,9.6,white
6,0.14,0.37,1.2,0.032,63,148,0.99185,3.32,0.44,11.2,white
9.7,0.55,0.17,2.9,0.087,20,53,1.0004,3.14,0.61,9.4,red
6.8,0.29,0.5,13.3,0.053,48,194,0.9974,3.09,0.45,9.4,white
7,0.15,0.38,2.2,0.047,33,96,0.9928,3.13,0.39,10.4,white
7.8,0.29,0.29,3.15,0.044,41,117,0.99153,3.24,0.35,11.5,white
6.4,0.28,0.29,1.6,0.052,34,127,0.9929,3.48,0.56,10.5,white
8,0.34,0.25,6.4,0.035,38,103,0.99148,2.91,0.23,12.2,white
6.9,0.28,0.22,10,0.052,36,131,0.99696,3.08,0.46,9.6,white
7.5,0.17,0.44,11.3,0.046,65,146,0.997,3.17,0.45,10,white
8.1,0.53,0.22,2.2,0.078,33,89,0.99678,3.26,0.46,9.6,red
7.1,0.44,0.62,11.8,0.044,52,152,0.9975,3.12,0.46,8.7,white
6.5,0.61,0,2.2,0.095,48,59,0.99541,3.61,0.7,11.5,red
7.8,0.815,0.01,2.6,0.074,48,90,0.99621,3.38,0.62,10.8,red
8.9,0.48,0.53,4,0.101,3,10,0.99586,3.21,0.59,12.1,red
7.8,0.41,0.68,1.7,0.467,18,69,0.9973,3.08,1.31,9.3,red
7.3,0.36,0.62,7.1,0.033,48,185,0.99472,3.14,0.62,10.6,white
6.3,0.29,0.29,3.3,0.037,32,140,0.9895,3.17,0.36,12.8,white
7,0.28,0.28,1.4,0.039,12,83,0.99173,3.18,0.65,11.1,white
5.9,0.22,0.38,1.3,0.046,24,90,0.99232,3.2,0.47,10,white
6.8,0.56,0.22,1.8,0.074,15,24,0.99438,3.4,0.82,11.2,red
6.5,0.32,0.12,11.5,0.033,35,165,0.9974,3.22,0.32,9,white
9.7,0.69,0.32,2.5,0.088,22,91,0.9979,3.29,0.62,10.1,red
7.1,0.46,0.2,1.9,0.077,28,54,0.9956,3.37,0.64,10.4,red
6.7,0.5,0.36,11.5,0.096,18,92,0.99642,3.11,0.49,9.6,white
7.6,0.51,0.15,2.8,0.11,33,73,0.9955,3.17,0.63,10.2,red
8,0.43,0.36,2.3,0.075,10,48,0.9976,3.34,0.46,9.4,red
7.6,0.31,0.24,1.8,0.037,39,150,0.9913,3.05,0.44,11.8,white
7.1,0.69,0.04,2.1,0.068,19,27,0.99712,3.44,0.67,9.8,red
7.5,0.29,0.24,9.9,0.058,25,115,0.99567,3.15,0.46,10.9,white
6.8,0.31,0.19,3.5,0.086,30,130,0.993,2.83,0.44,9.6,white
6.8,0.27,0.3,13,0.047,69,160,0.99705,3.16,0.5,9.6,white
6.8,0.35,0.53,10.1,0.053,37,151,0.9963,3.07,0.4,9.4,white
6.5,0.41,0.24,14,0.048,24,113,0.9982,3.44,0.53,9.8,white
6,0.26,0.29,3.1,0.041,37,144,0.98944,3.22,0.39,12.8,white
10.6,0.42,0.48,2.7,0.065,5,18,0.9972,3.21,0.87,11.3,red
11.3,0.37,0.41,2.3,0.088,6,16,0.9988,3.09,0.8,9.3,red
6.8,0.28,0.37,7,0.057,35,208,0.9973,3.57,0.55,10.2,white
8,0.6,0.22,2.1,0.08,25,105,0.99613,3.3,0.49,9.9,red
6.3,0.18,0.36,1.2,0.034,26,111,0.99074,3.16,0.51,11,white
6,0.3,0.33,2.1,0.042,31,127,0.98964,3.32,0.42,12.5,white
9,0.39,0.4,1.3,0.044,25,50,0.99478,3.2,0.83,10.9,red
8,0.24,0.33,1.2,0.044,28,101,0.99035,3.03,0.43,12.5,white
5.6,0.54,0.04,1.7,0.049,5,13,0.9942,3.72,0.58,11.4,red
12.4,0.35,0.49,2.6,0.079,27,69,0.9994,3.12,0.75,10.4,red
6.4,0.22,0.32,7.2,0.028,15,83,0.993,3.13,0.55,10.9,white
7.1,0.26,0.3,2,0.031,13,128,0.9917,3.19,0.49,11.4,white
6.6,0.895,0.04,2.3,0.068,7,13,0.99582,3.53,0.58,10.8,red
9.8,0.98,0.32,2.3,0.078,35,152,0.998,3.25,0.48,9.4,red
6.9,0.24,0.39,1.3,0.063,18,136,0.9928,3.31,0.48,10.4,white
7.1,0.32,0.32,11,0.038,16,66,0.9937,3.24,0.4,11.5,white
9.7,0.66,0.34,2.6,0.094,12,88,0.99796,3.26,0.66,10.1,red
6.8,0.21,0.42,1.2,0.045,24,126,0.99234,3.09,0.87,10.9,white
5.3,0.395,0.07,1.3,0.035,26,102,0.992,3.5,0.35,10.6,white
4.9,0.42,0,2.1,0.048,16,42,0.99154,3.71,0.74,14,red
7.6,0.2,0.3,14.2,0.056,53,212.5,0.999,3.14,0.46,8.9,white
8.3,0.49,0.36,1.8,0.222,6,16,0.998,3.18,0.6,9.5,red
5.8,0.38,0.26,1.1,0.058,20,140,0.99271,3.27,0.43,9.7,white
5.1,0.42,0,1.8,0.044,18,88,0.99157,3.68,0.73,13.6,red
7.2,0.25,0.37,2.5,0.063,11,41,0.99439,3.52,0.8,12.4,red
7.4,0.3,0.32,1.7,0.03,23,128,0.9929,3.17,0.66,10.9,white
7.5,0.52,0.16,1.9,0.085,12,35,0.9968,3.38,0.62,9.5,red
6.5,0.22,0.34,12,0.053,55,177,0.9983,3.52,0.44,9.9,white
6.8,0.83,0.09,1.8,0.074,4,25,0.99534,3.38,0.45,9.6,red
5.8,0.29,0.26,1.7,0.063,3,11,0.9915,3.39,0.54,13.5,red
7.6,0.43,0.29,2.1,0.075,19,66,0.99718,3.4,0.64,9.5,red
6.7,0.27,0.69,1.2,0.176,36,106,0.99288,2.96,0.43,9.2,white
10.4,0.44,0.73,6.55,0.074,38,76,0.999,3.17,0.85,12,red
6.8,0.59,0.06,6,0.06,11,18,0.9962,3.41,0.59,10.8,red
6.8,0.35,0.32,2.4,0.048,35,103,0.9911,3.28,0.46,12,white
7.6,0.19,0.41,1.1,0.04,38,143,0.9907,2.92,0.42,11.4,white
6.2,0.36,0.32,4,0.036,44,92,0.98936,3.2,0.5,13.3,white
13.7,0.415,0.68,2.9,0.085,17,43,1.0014,3.06,0.8,10,red
8.9,0.27,0.28,0.8,0.024,29,128,0.98984,3.01,0.35,12.4,white
7,0.21,0.28,8.7,0.045,37,222,0.9954,3.25,0.54,10.4,white
6,0.42,0.41,12.4,0.032,50,179,0.99622,3.14,0.6,9.7,white
8.8,0.34,0.33,9.7,0.036,46,172,0.9966,3.08,0.4,10.2,white
8.3,0.76,0.29,4.2,0.075,12,16,0.9965,3.45,0.68,11.5,red
6.8,0.3,0.26,20.3,0.037,45,150,0.99727,3.04,0.38,12.3,white
5.7,0.24,0.47,6.3,0.069,35,182,0.99391,3.11,0.46,9.73333333333333,white
7.1,0.71,0,1.9,0.08,14,35,0.9972,3.47,0.55,9.4,red
5.6,0.54,0.04,1.7,0.049,5,13,0.9942,3.72,0.58,11.4,red
7.1,0.21,0.33,1.2,0.039,34,97,0.99112,3.11,0.75,11.2,white
7.6,0.19,0.38,10.6,0.06,48,174,0.9962,3.13,0.38,10.5,white
9.2,0.67,0.1,3,0.091,12,48,0.99888,3.31,0.54,9.5,red
6.3,0.2,0.4,1.5,0.037,35,107,0.9917,3.46,0.5,11.4,white
6.2,0.44,0.18,7.7,0.096,28,210,0.99771,3.56,0.72,9.2,white
7.8,0.53,0.01,1.6,0.077,3,19,0.995,3.16,0.46,9.8,red
7.9,0.28,0.41,4.9,0.058,31,153,0.9966,3.27,0.51,9.7,white
9.5,0.56,0.33,2.4,0.089,35,67,0.9972,3.28,0.73,11.8,red
7.2,0.47,0.65,8.3,0.083,27,182,0.9964,3,0.35,9.2,white
8.8,0.41,0.64,2.2,0.093,9,42,0.9986,3.54,0.66,10.5,red
8,0.62,0.33,2.7,0.088,16,37,0.9972,3.31,0.58,10.7,red
10.7,0.43,0.39,2.2,0.106,8,32,0.9986,2.89,0.5,9.6,red
6.4,0.23,0.35,4.6,0.039,43,147,0.99216,3.18,0.4,11,white
6.5,0.37,0.33,3.5,0.036,23,92,0.99136,3.18,0.38,11.2,white
5.7,0.1,0.27,1.3,0.047,21,100,0.9928,3.27,0.46,9.5,white
6,0.25,0.28,7.7,0.053,37,132,0.99489,3.06,0.5,9.4,white
6.1,0.19,0.37,2.6,0.041,24,99,0.99153,3.18,0.5,10.9,white
5.4,0.74,0,1.2,0.041,16,46,0.99258,4.01,0.59,12.5,red
10.4,0.64,0.24,2.8,0.105,29,53,0.9998,3.24,0.67,9.9,red
6.4,0.21,0.3,5.6,0.044,43,160,0.9949,3.6,0.41,10.6,white
10.2,0.42,0.57,3.4,0.07,4,10,0.9971,3.04,0.63,9.6,red
10.6,1.02,0.43,2.9,0.076,26,88,0.9984,3.08,0.57,10.1,red
6.6,0.23,0.18,8.5,0.044,59,188,0.99558,3.16,0.49,9.5,white
7.4,0.19,0.31,14.5,0.045,39,193,0.9986,3.1,0.5,9.2,white
10,0.49,0.2,11,0.071,13,50,1.0015,3.16,0.69,9.2,red
7.5,0.3,0.32,1.4,0.032,31,161,0.99154,2.95,0.42,10.5,white
7,0.24,0.47,1.3,0.043,18,131,0.99176,3.19,0.45,11,white
10.4,0.41,0.55,3.2,0.076,22,54,0.9996,3.15,0.89,9.9,red
8.2,0.18,0.49,1.1,0.033,28,81,0.9923,3,0.68,10.4,white
7.3,0.22,0.26,1.5,0.04,32,172,0.99194,3.27,0.48,11.2,white
7.1,0.39,0.12,2.1,0.065,14,24,0.99252,3.3,0.53,13.3,red
6.2,0.23,0.23,1.2,0.018,18,128,0.99178,3.05,0.28,10.6,white
6.7,0.32,0.44,2.4,0.061,24,34,0.99484,3.29,0.8,11.6,red
6.7,0.13,0.29,5.3,0.051,31,122,0.9944,3.44,0.37,9.7,white
5.6,0.19,0.39,1.1,0.043,17,67,0.9918,3.23,0.53,10.3,white
6.4,0.34,0.1,1.1,0.048,19,84,0.9927,3.21,0.38,9.8,white
7.9,0.33,0.28,31.6,0.053,35,176,1.0103,3.15,0.38,8.8,white
8.7,0.52,0.09,2.5,0.091,20,49,0.9976,3.34,0.86,10.6,red
8.7,0.41,0.41,6.2,0.078,25,42,0.9953,3.24,0.77,12.6,red
5.2,0.405,0.15,1.45,0.038,10,44,0.99125,3.52,0.4,11.6,white
7.2,1,0,3,0.102,7,16,0.99586,3.43,0.46,10,red
9.5,0.37,0.52,2,0.088,12,51,0.99613,3.29,0.58,11.1,red
8.9,0.35,0.4,3.6,0.11,12,24,0.99549,3.23,0.7,12,red
5.6,0.62,0.03,1.5,0.08,6,13,0.99498,3.66,0.62,10.1,red
7.1,0.36,0.28,2.4,0.036,35,115,0.98936,3.19,0.44,13.5,white
9.5,0.37,0.52,2,0.082,6,26,0.998,3.18,0.51,9.5,red
8.7,0.45,0.4,1.5,0.067,17,100,0.9957,3.27,0.57,10.1,white
7.8,0.44,0.28,2.7,0.1,18,95,0.9966,3.22,0.67,9.4,red
7.6,0.685,0.23,2.3,0.111,20,84,0.9964,3.21,0.61,9.3,red
5.2,0.34,0,1.8,0.05,27,63,0.9916,3.68,0.79,14,red
7.6,0.33,0.41,13.7,0.045,44,197,0.9989,3.18,0.64,9.1,white
8.2,0.35,0.33,2.4,0.076,11,47,0.99599,3.27,0.81,11,red
7,0.32,0.24,6.2,0.048,31,228,0.9957,3.23,0.62,9.4,white
6.1,0.34,0.46,4.7,0.029,21,94,0.991,3.29,0.62,12.3,white
6.5,0.9,0,1.6,0.052,9,17,0.99467,3.5,0.63,10.9,red
5.6,0.915,0,2.1,0.041,17,78,0.99346,3.68,0.73,11.4,red
6.5,0.19,0.32,1.4,0.04,31,132,0.9922,3.36,0.54,10.8,white
10.4,0.28,0.54,2.7,0.105,5,19,0.9988,3.25,0.63,9.5,red
5.3,0.47,0.11,2.2,0.048,16,89,0.99182,3.54,0.88,13.6,red
4.8,0.34,0,6.5,0.028,33,163,0.9939,3.36,0.61,9.9,white
9.1,0.76,0.68,1.7,0.414,18,64,0.99652,2.9,1.33,9.1,red
5.4,0.53,0.16,2.7,0.036,34,128,0.98856,3.2,0.53,13.2,white
6.9,0.36,0.25,2.4,0.098,5,16,0.9964,3.41,0.6,10.1,red
6,0.51,0,2.1,0.064,40,54,0.995,3.54,0.93,10.7,red
8.2,0.21,0.48,1.4,0.041,11,99,0.9958,3.17,0.57,9.9,white
6.6,0.16,0.4,1.5,0.044,48,143,0.9912,3.54,0.52,12.4,white
6.3,0.4,0.24,5.1,0.036,43,131,0.99186,3.24,0.44,11.3,white
7.9,0.18,0.4,2.2,0.049,38,67,0.996,3.33,0.93,11.3,red
8.6,0.52,0.38,1.5,0.096,5,18,0.99666,3.2,0.52,9.4,red
6.8,0.28,0.35,2.3,0.042,16,85,0.9906,3.19,0.56,12.4,white
6.8,0.26,0.29,11.9,0.052,54,160,0.99546,3.03,0.58,10.4,white
6.2,0.36,0.24,2.2,0.095,19,42,0.9946,3.57,0.57,11.7,red
10.9,0.21,0.49,2.8,0.088,11,32,0.9972,3.22,0.68,11.7,red
7.2,0.52,0.07,1.4,0.074,5,20,0.9973,3.32,0.81,9.6,red
7.3,0.65,0,1.2,0.065,15,21,0.9946,3.39,0.47,10,red
11.8,0.38,0.55,2.1,0.071,5,19,0.9986,3.11,0.62,10.8,red
9.2,0.755,0.18,2.2,0.148,10,103,0.9969,2.87,1.36,10.2,red
6.6,0.26,0.21,2.9,0.026,48,126,0.99089,3.22,0.38,11.3,white
8.3,0.6,0.25,2.2,0.118,9,38,0.99616,3.15,0.53,9.8,red
8.4,0.34,0.42,2.1,0.072,23,36,0.99392,3.11,0.78,12.4,red
6.9,0.32,0.15,8.1,0.046,51,180,0.9958,3.13,0.45,8.9,white
6.4,0.67,0.08,2.1,0.045,19,48,0.9949,3.49,0.49,11.4,red
7.1,0.28,0.31,1.5,0.053,20,98,0.99069,3.15,0.5,11.4,white
7.2,0.695,0.13,2,0.076,12,20,0.99546,3.29,0.54,10.1,red
5.1,0.26,0.33,1.1,0.027,46,113,0.98946,3.35,0.43,11.4,white
6.1,0.32,0.25,1.8,0.086,5,32,0.99464,3.36,0.44,10.1,red
7.5,0.755,0,1.9,0.084,6,12,0.99672,3.34,0.49,9.7,red
9.9,0.5,0.24,2.3,0.103,6,14,0.9978,3.34,0.52,10,red
7.2,0.115,0.3,6.8,0.056,26,105,0.9954,3.44,0.4,9.6,white
7.7,0.41,0.76,1.8,0.611,8,45,0.9968,3.06,1.26,9.4,red
7.2,0.29,0.18,8.2,0.042,41,180,0.99644,3.16,0.49,9.1,white
9.1,0.64,0.23,3.1,0.095,13,38,0.9998,3.28,0.59,9.7,red
8,0.48,0.34,2.2,0.073,16,25,0.9936,3.28,0.66,12.4,red
8,0.18,0.37,0.9,0.049,36,109,0.99007,2.89,0.44,12.7,red
9.9,0.63,0.24,2.4,0.077,6,33,0.9974,3.09,0.57,9.4,red
6.5,0.885,0,2.3,0.166,6,12,0.99551,3.56,0.51,10.8,red
15.6,0.645,0.49,4.2,0.095,10,23,1.00315,2.92,0.74,11.1,red
10.7,0.43,0.39,2.2,0.106,8,32,0.9986,2.89,0.5,9.6,red
9.6,0.88,0.28,2.4,0.086,30,147,0.9979,3.24,0.53,9.4,red
6.3,0.47,0,1.4,0.055,27,33,0.9922,3.45,0.48,12.3,red
6.8,0.64,0.1,2.1,0.085,18,101,0.9956,3.34,0.52,10.2,red
3.8,0.31,0.02,11.1,0.036,20,114,0.99248,3.75,0.44,12.4,white
7.3,0.25,0.27,3.8,0.047,16,79,0.99173,3.07,0.46,11.3,white
7.5,0.28,0.78,12.1,0.041,53,161,0.99838,2.98,0.44,8.7,white
7.3,0.695,0,2.5,0.075,3,13,0.998,3.49,0.52,9.2,red
8.1,0.26,0.3,7.8,0.049,39,152,0.9954,2.99,0.58,10,white
8.2,0.2,0.38,3.5,0.053,41,174,0.99306,3.22,0.41,11.6,white
7.9,0.69,0.21,2.1,0.08,33,141,0.9962,3.25,0.51,9.9,red
6.7,0.47,0.34,8.9,0.043,31,172,0.9964,3.22,0.6,9.2,white
7.5,0.49,0.2,2.6,0.332,8,14,0.9968,3.21,0.9,10.5,red
5.1,0.585,0,1.7,0.044,14,86,0.99264,3.56,0.94,12.9,red
8,0.57,0.39,3.9,0.034,22,122,0.9917,3.29,0.67,12.8,white
6.3,0.24,0.37,1.8,0.031,6,61,0.9897,3.3,0.34,12.2,white
9.1,0.68,0.11,2.8,0.093,11,44,0.99888,3.31,0.55,9.5,red
7.4,0.16,0.49,1.2,0.055,18,150,0.9917,3.23,0.47,11.2,white
7.5,0.27,0.31,17.7,0.051,33,173,0.999,3.09,0.64,10.2,white
8,0.64,0.22,2.4,0.094,5,33,0.99612,3.37,0.58,11,red
9.2,0.92,0.24,2.6,0.087,12,93,0.9998,3.48,0.54,9.8,red
7.3,0.23,0.41,14.6,0.048,73,223,0.99863,3.16,0.71,9.4,white
7.8,0.32,0.33,2.4,0.037,18,101,0.9912,3.21,0.65,11.7,white
8.9,0.12,0.45,1.8,0.075,10,21,0.99552,3.41,0.76,11.9,red
8.5,0.4,0.4,6.3,0.05,3,10,0.99566,3.28,0.56,12,red
7.2,0.47,0.16,5.9,0.048,14,125,0.99428,3.09,0.49,9.8,white
7.1,0.2,0.3,0.9,0.019,4,28,0.98931,3.2,0.36,12,white
9.9,0.32,0.56,2,0.073,3,8,0.99534,3.15,0.73,11.4,red
8,0.18,0.37,0.9,0.049,36,109,0.99007,2.89,0.44,12.7,red
6.8,0.22,0.32,5.9,0.054,40,152,0.9938,3.2,0.57,10.8,white
7.2,0.57,0.05,2.3,0.081,16,36,0.99564,3.38,0.6,10.3,red
11.5,0.59,0.59,2.6,0.087,13,49,0.9988,3.18,0.65,11,red
6.7,0.46,0.24,1.7,0.077,18,34,0.9948,3.39,0.6,10.6,red
6.2,0.23,0.36,17.2,0.039,37,130,0.99946,3.23,0.43,8.8,white
12,0.45,0.55,2,0.073,25,49,0.9997,3.1,0.76,10.3,red
6.1,0.36,0.33,1.1,0.05,24,169,0.9927,3.15,0.78,9.5,white
6.8,0.21,0.27,2.1,0.03,26,139,0.99,3.16,0.61,12.6,white
7.2,0.2,0.61,16.2,0.043,14,103,0.9987,3.06,0.36,9.2,white
6.9,0.32,0.13,7.8,0.042,11,117,0.996,3.23,0.37,9.2,white
7.2,0.5,0.18,2.1,0.071,12,31,0.99761,3.52,0.72,9.6,red
8.3,0.6,0.13,2.6,0.085,6,24,0.9984,3.31,0.59,9.2,red
7,0.29,0.37,1.6,0.035,34,126,0.99058,3.26,0.47,12.3,white
12.7,0.6,0.65,2.3,0.063,6,25,0.9997,3.03,0.57,9.9,red
10.1,0.65,0.37,5.1,0.11,11,65,1.0026,3.32,0.64,10.4,red
6.3,0.26,0.49,1.5,0.052,34,134,0.9924,2.99,0.61,9.8,white
9,0.47,0.31,2.7,0.084,24,125,0.9984,3.31,0.61,9.4,red
6.3,0.27,0.37,7.9,0.047,58,215,0.99542,3.19,0.48,9.5,white
8.7,0.78,0.51,1.7,0.415,12,66,0.99623,3,1.17,9.2,red
8.8,0.3,0.38,2.3,0.06,19,72,0.99543,3.39,0.72,11.8,red
7.9,0.37,0.31,2.85,0.037,5,24,0.9911,3.19,0.36,11.9,white
5.9,0.55,0.1,2.2,0.062,39,51,0.99512,3.52,0.76,11.2,red
5.7,0.25,0.26,12.5,0.049,52.5,120,0.99691,3.08,0.45,9.4,white
7.6,0.29,0.26,6.5,0.042,32,160,0.9944,3.14,0.47,10.7,white
7.2,0.34,0.2,5.8,0.062,52,203,0.99461,3.17,0.44,9.8,white
10.7,0.35,0.53,2.6,0.07,5,16,0.9972,3.15,0.65,11,red
7.4,0.635,0.1,2.4,0.08,16,33,0.99736,3.58,0.69,10.8,red
7.5,0.27,0.34,2.3,0.05,4,8,0.9951,3.4,0.64,11,red
6.9,0.765,0.02,2.3,0.063,35,63,0.9975,3.57,0.78,9.9,red
7.6,0.68,0.02,1.3,0.072,9,20,0.9965,3.17,1.08,9.2,red
6.1,0.28,0.23,4.2,0.038,13,95,0.98898,2.97,0.7,13.1,white
9.9,0.35,0.55,2.1,0.062,5,14,0.9971,3.26,0.79,10.6,red
5.8,0.29,0.21,2.6,0.025,12,120,0.9894,3.39,0.79,14,white
5,1.02,0.04,1.4,0.045,41,85,0.9938,3.75,0.48,10.5,red
7.3,0.4,0.3,1.7,0.08,33,79,0.9969,3.41,0.65,9.5,red
7.4,0.68,0.16,1.8,0.078,12,39,0.9977,3.5,0.7,9.9,red
13.2,0.46,0.52,2.2,0.071,12,35,1.0006,3.1,0.56,9,red
6.3,0.18,0.24,3.4,0.053,20,119,0.99373,3.11,0.52,9.2,white
6.4,0.28,0.36,1.3,0.053,28,186,0.99211,3.31,0.45,10.8,white
7.8,0.965,0.6,65.8,0.074,8,160,1.03898,3.39,0.69,11.7,white
7.6,0.4,0.29,1.9,0.078,29,66,0.9971,3.45,0.59,9.5,red
10.9,0.32,0.52,1.8,0.132,17,44,0.99734,3.28,0.77,11.5,red
6.1,0.46,0.32,6.2,0.053,10,94,0.99537,3.35,0.47,10.1,white
7.4,0.31,0.26,8.6,0.048,47,206,0.9964,3.26,0.36,9.1,white
7.1,0.33,0.64,13.2,0.056,12,105,0.9972,3.05,0.39,9.2,white
6.6,0.58,0,2.2,0.1,50,63,0.99544,3.59,0.68,11.4,red
8.6,0.23,0.25,11.3,0.031,13,96,0.99645,3.11,0.4,10.8,white
9.6,0.38,0.42,1.9,0.071,5,13,0.99659,3.15,0.75,10.5,red
6.8,0.4,0.29,2.8,0.044,27,97,0.9904,3.12,0.42,11.2,white
10.1,0.37,0.34,2.4,0.085,5,17,0.99683,3.17,0.65,10.6,red
5.5,0.19,0.27,0.9,0.04,52,103,0.99026,3.5,0.39,11.2,white
10.5,0.28,0.51,1.7,0.08,10,24,0.9982,3.2,0.89,9.4,red
6.6,0.13,0.29,13.9,0.056,33,95,0.99702,3.17,0.39,9.4,white
9.4,0.28,0.3,1.6,0.045,36,139,0.99534,3.11,0.49,9.3,white
7.1,0.31,0.3,2.2,0.053,36,127,0.9965,2.94,1.62,9.5,red
6.8,0.23,0.29,15.4,0.073,56,173,0.9984,3.06,0.41,8.7,white
6.5,0.22,0.28,3.7,0.059,29,151,0.99177,3.23,0.41,12.1,white
6.6,0.22,0.23,17.3,0.047,37,118,0.99906,3.08,0.46,8.8,white
6.9,0.635,0.17,2.4,0.241,6,18,0.9961,3.4,0.59,10.3,red
7.3,0.67,0.02,2.2,0.072,31,92,0.99566,3.32,0.68,11.1,red
6.1,0.34,0.25,1.8,0.084,4,28,0.99464,3.36,0.44,10.1,red
9.8,0.5,0.34,2.3,0.094,10,45,0.99864,3.24,0.6,9.7,red
6.5,0.27,0.26,11,0.03,2,82,0.99402,3.07,0.36,11.2,white
5.8,0.29,0.05,0.8,0.038,11,30,0.9924,3.36,0.35,9.2,white
6.8,0.22,0.49,0.9,0.052,26,128,0.991,3.25,0.35,11.4,white
7.8,0.64,0,1.9,0.072,27,55,0.9962,3.31,0.63,11,red
6.2,0.24,0.27,2.9,0.039,30,123,0.98959,3.12,0.37,12.8,white
8,0.45,0.23,2.2,0.094,16,29,0.9962,3.21,0.49,10.2,red
7.2,0.53,0.14,2.1,0.064,15,29,0.99323,3.35,0.61,12.1,red
7.3,0.22,0.41,15.4,0.05,55,191,1,3.32,0.59,8.9,white
6.6,0.705,0.07,1.6,0.076,6,15,0.9962,3.44,0.58,10.7,red
7.8,0.2,0.2,1.4,0.036,25,83,0.99088,3.03,0.46,11.7,white
6.8,0.67,0.02,1.8,0.05,5,11,0.9962,3.48,0.52,9.5,red
7.1,0.34,0.28,2,0.082,31,68,0.99694,3.45,0.48,9.4,red
7.1,0.16,0.44,2.5,0.068,17,31,0.99328,3.35,0.54,12.4,red
6.8,0.57,0,2.5,0.072,32,64,0.99491,3.43,0.56,11.2,red
6.8,0.36,0.32,1.8,0.067,4,8,0.9928,3.36,0.55,12.8,red
6.6,0.8,0.03,7.8,0.079,6,12,0.9963,3.52,0.5,12.2,red
7.9,0.4,0.29,1.8,0.157,1,44,0.9973,3.3,0.92,9.5,red
8.3,0.43,0.3,3.4,0.079,7,34,0.99788,3.36,0.61,10.5,red
6.6,0.84,0.03,2.3,0.059,32,48,0.9952,3.52,0.56,12.3,red
8.1,0.29,0.49,7.1,0.042,22,124,0.9944,3.14,0.41,10.8,white
6.5,0.52,0.11,1.8,0.073,13,38,0.9955,3.34,0.52,9.3,red
6.2,0.37,0.22,8.3,0.025,36,216,0.9964,3.33,0.6,9.6,white
6.6,0.23,0.2,11.4,0.044,45,131,0.99604,2.96,0.51,9.7,white
6.8,0.3,0.35,2.8,0.038,10,164,0.9912,3.09,0.53,12,white
6.4,0.31,0.5,5.8,0.038,42,111,0.99189,3.18,0.53,11.9,white
8.2,0.43,0.29,1.6,0.081,27,45,0.99603,3.25,0.54,10.3,red
7.2,0.73,0.02,2.5,0.076,16,42,0.9972,3.44,0.52,9.3,red
8.9,0.875,0.13,3.45,0.088,4,14,0.9994,3.44,0.52,11.5,red
6.9,0.3,0.21,15.7,0.056,49,159,0.99827,3.11,0.48,9,white
12.6,0.38,0.66,2.6,0.088,10,41,1.001,3.17,0.68,9.8,red
8,0.5,0.39,2.6,0.082,12,46,0.9985,3.43,0.62,10.7,red
7.5,0.38,0.33,5,0.045,30,131,0.9942,3.32,0.44,10.9,white
6.8,0.705,0.25,3.2,0.048,10,57,0.996,3.36,0.52,9.5,white
6.9,0.24,0.36,20.8,0.031,40,139,0.9975,3.2,0.33,11,white
5.9,0.37,0.14,6.3,0.036,34,185,0.9944,3.17,0.63,9.8,white
6.9,0.39,0.24,2.1,0.102,4,7,0.99462,3.44,0.58,11.4,red
9,0.36,0.52,2.1,0.111,5,10,0.99568,3.31,0.62,11.3,red
6.1,0.32,0.28,6.6,0.021,29,132,0.99188,3.15,0.36,11.45,white
7,0.23,0.42,1.1,0.062,35,100,0.99318,3.04,0.4,9.2,white
8.2,0.34,0.29,5.2,0.076,19,92,0.99138,2.95,0.39,12.5,white
10,0.59,0.31,2.2,0.09,26,62,0.9994,3.18,0.63,10.2,red
7.6,0.31,0.27,5.8,0.036,23,109,0.99399,3.34,0.54,11,white
7.1,0.22,0.33,2.8,0.033,48,153,0.9899,3.15,0.38,12.7,white
7.3,0.51,0.29,11.3,0.034,61,224,0.99683,3.14,0.56,9.5,white
7.4,0.29,0.38,1.7,0.062,9,30,0.9968,3.41,0.53,9.5,red
6.6,0.38,0.29,2.9,0.035,15,101,0.98916,3.04,0.37,12.5,white
6.9,0.67,0.06,2.1,0.08,8,33,0.99845,3.68,0.71,9.6,red
7.2,0.655,0.03,1.8,0.078,7,12,0.99587,3.34,0.39,9.5,red
6.1,0.25,0.24,12.1,0.046,51,172,0.998,3.35,0.45,9.5,white
6.8,0.37,0.28,4,0.03,29,79,0.99,3.23,0.46,12.4,white
6,0.2,0.24,1.8,0.03,30,105,0.9909,3.31,0.47,11.5,white
7.5,0.51,0.02,1.7,0.084,13,31,0.99538,3.36,0.54,10.5,red
6,0.2,0.26,6.8,0.049,22,93,0.9928,3.15,0.42,11,white
10.4,0.55,0.23,2.7,0.091,18,48,0.9994,3.22,0.64,10.3,red
9,0.66,0.17,3,0.077,5,13,0.9976,3.29,0.55,10.4,red
7,0.31,0.26,7.4,0.069,28,160,0.9954,3.13,0.46,9.8,white
5.3,0.32,0.23,9.65,0.026,26,119,0.99168,3.18,0.53,12.2,white
7,0.29,0.35,1.4,0.036,42,109,0.99119,3.31,0.62,11.6,white
6.6,0.18,0.28,3.3,0.044,18,91,0.993,3.42,0.64,10.8,white
9.4,0.34,0.37,2.2,0.075,5,13,0.998,3.22,0.62,9.2,red
6,0.28,0.29,19.3,0.051,36,174,0.99911,3.14,0.5,9,white
7.2,0.61,0.08,4,0.082,26,108,0.99641,3.25,0.51,9.4,red
6.9,0.25,0.33,1.2,0.035,35,158,0.99082,3.02,0.58,11.3,white
15,0.21,0.44,2.2,0.075,10,24,1.00005,3.07,0.84,9.2,red
7.15,0.17,0.24,9.6,0.119,56,178,0.99578,3.15,0.44,10.2,white
8.2,0.885,0.2,1.4,0.086,7,31,0.9946,3.11,0.46,10,red
6.4,0.15,0.44,1.2,0.043,67,150,0.9907,3.14,0.73,11.2,white
8.1,0.87,0,2.2,0.084,10,31,0.99656,3.25,0.5,9.8,red
5.7,0.2,0.3,2.5,0.046,38,125,0.99276,3.34,0.5,9.9,white
7.1,0.17,0.4,14.55,0.047,47,156,0.99945,3.34,0.78,9.1,white
7,0.29,0.37,4.9,0.034,26,127,0.9928,3.17,0.44,10.8,white
7.7,0.53,0.06,1.7,0.074,9,39,0.99615,3.35,0.48,9.8,red
7.7,0.32,0.62,10.6,0.036,56,153,0.9978,3.13,0.44,8.9,white
9,0.26,0.34,6.7,0.029,21,162,0.99497,3.08,0.5,10.6,white
7.6,0.43,0.31,2.1,0.069,13,74,0.9958,3.26,0.54,9.9,red
10,0.23,0.27,14.1,0.033,45,166,0.9988,2.72,0.43,9.7,white
5.9,0.17,0.3,1.4,0.042,25,119,0.9931,3.68,0.72,10.5,white
9.5,0.86,0.26,1.9,0.079,13,28,0.99712,3.25,0.62,10,red
7.1,0.66,0,3.9,0.086,17,45,0.9976,3.46,0.54,9.5,red
6.8,0.18,0.28,9.8,0.039,29,113,0.99406,3.11,0.45,10.9,white
6.8,0.2,0.25,6.2,0.052,22,106,0.9935,3.09,0.54,10.8,white
6.9,0.84,0.21,4.1,0.074,16,65,0.99842,3.53,0.72,9.23333333333333,red
7,0.13,0.37,12.85,0.042,36,105,0.99581,3.05,0.55,10.7,white
8.6,0.47,0.27,2.3,0.055,14,28,0.99516,3.18,0.8,11.2,red
10.2,0.49,0.63,2.9,0.072,10,26,0.9968,3.16,0.78,12.5,red
7.1,0.755,0.15,1.8,0.107,20,84,0.99593,3.19,0.5,9.5,red
6.4,0.595,0.14,5.2,0.058,15,97,0.9951,3.38,0.36,9,white
8,0.6,0.08,2.6,0.056,3,7,0.99286,3.22,0.37,13,red
6.8,0.19,0.58,14.2,0.038,51,164,0.9975,3.12,0.48,9.6,white
6.4,0.31,0.09,1.4,0.066,15,28,0.99459,3.42,0.7,10,red
5.5,0.16,0.31,1.2,0.026,31,68,0.9898,3.33,0.44,11.65,white
9.4,0.27,0.53,2.4,0.074,6,18,0.9962,3.2,1.13,12,red
6.6,0.855,0.02,2.4,0.062,15,23,0.99627,3.54,0.6,11,red
7.5,0.64,0,2.4,0.077,18,29,0.9965,3.32,0.6,10,red
6.4,0.29,0.32,2.4,0.014,34,89,0.99008,3.24,0.66,12.5,white
5.3,0.36,0.27,6.3,0.028,40,132,0.99186,3.37,0.4,11.6,white
8,0.28,0.44,1.8,0.081,28,68,0.99501,3.36,0.66,11.2,red
6.2,0.47,0.21,1,0.044,13,98,0.99345,3.14,0.46,9.2,white
7,0.24,0.35,1,0.032,42,104,0.98988,3.16,0.37,11.7,white
6.9,0.685,0,2.5,0.105,22,37,0.9966,3.46,0.57,10.6,red
7.5,0.705,0.24,1.8,0.36,15,63,0.9964,3,1.59,9.5,red
6.6,0.26,0.29,1.4,0.039,13,67,0.9915,3.05,0.49,10.9,white
7,0.24,0.34,3,0.035,36,102,0.9905,3.18,0.43,12.2,white
8,0.58,0.16,2,0.12,3,7,0.99454,3.22,0.58,11.2,red
7.9,0.3,0.27,8.5,0.036,20,112,0.9939,2.96,0.46,11.7,white
8.3,0.18,0.37,1.2,0.049,6,94,0.9937,3.18,0.52,10.1,white
7.8,0.645,0,5.5,0.086,5,18,0.9986,3.4,0.55,9.6,red
8.7,0.7,0.24,2.5,0.226,5,15,0.9991,3.32,0.6,9,red
6.8,0.64,0,2.7,0.123,15,33,0.99538,3.44,0.63,11.3,red
7.1,0.43,0.17,1.8,0.082,27,51,0.99634,3.49,0.64,10.4,red
7.4,0.2,0.35,2.1,0.038,30,116,0.9949,3.49,0.77,10.3,white
11.5,0.41,0.52,3,0.08,29,55,1.0001,3.26,0.88,11,red
7.5,0.6,0.03,1.8,0.095,25,99,0.995,3.35,0.54,10.1,red
7.4,0.24,0.31,8.4,0.045,52,183,0.9963,3.09,0.32,8.8,white
6.4,0.24,0.29,11.4,0.051,32,166,0.9968,3.31,0.45,9.5,white
11.4,0.46,0.5,2.7,0.122,4,17,1.0006,3.13,0.7,10.2,red
6.7,0.23,0.42,11.2,0.047,52,171,0.99758,3.54,0.74,10.4,white
6.9,0.17,0.3,2,0.047,13,117,0.99152,3.16,0.51,11.6,white
8.8,0.41,0.64,2.2,0.093,9,42,0.9986,3.54,0.66,10.5,red
7,0.3,0.51,13.6,0.05,40,168,0.9976,3.07,0.52,9.6,white
7.8,0.19,0.32,7.4,0.015,47,124,0.99278,2.99,0.39,11,white
9.9,0.35,0.41,2.3,0.083,11,61,0.9982,3.21,0.5,9.5,red
6.5,0.28,0.33,15.7,0.053,51,190,0.9978,3.22,0.51,9.7,white
6.1,0.16,0.29,6,0.03,29,144,0.99474,3.68,0.46,10.7,white
7.2,0.36,0.46,2.1,0.074,24,44,0.99534,3.4,0.85,11,red
