9.8,0.44,0.4,2.8,0.036,35,167,0.9956,2.97,0.39,9.2,white
6.7,0.16,0.64,2.1,0.059,24,52,0.99494,3.34,0.71,11.2,red
9.6,0.42,0.35,2.1,0.083,17,38,0.99622,3.23,0.66,11.1,red
7.5,0.42,0.31,1.6,0.08,15,42,0.9978,3.31,0.64,9,red
5.7,0.36,0.34,4.2,0.026,21,77,0.9907,3.41,0.45,11.9,white
8.3,0.39,0.7,10.6,0.045,33,169,0.9976,3.09,0.57,9.4,white
7.5,0.65,0.18,7,0.088,27,94,0.99915,3.38,0.77,9.4,red
8.2,0.39,0.38,1.5,0.058,10,29,0.9962,3.26,0.74,9.8,red
7,0.15,0.28,14.7,0.051,29,149,0.99792,2.96,0.39,9,white
5.4,0.29,0.38,1.2,0.029,31,132,0.98895,3.28,0.36,12.4,white
6.5,0.23,0.36,16.3,0.038,43,133,0.99924,3.26,0.41,8.8,white
10,0.35,0.47,2,0.061,6,11,0.99585,3.23,0.52,12,red
6.3,0.76,0,2.9,0.072,26,52,0.99379,3.51,0.6,11.5,red
9.9,0.35,0.38,1.5,0.058,31,47,0.99676,3.26,0.82,10.6,red
6.1,0.17,0.21,1.9,0.09,44,130,0.99255,3.07,0.41,9.7,white
7.1,0.43,0.42,5.5,0.07,29,129,0.9973,3.42,0.72,10.5,red
10.3,0.32,0.45,6.4,0.073,5,13,0.9976,3.23,0.82,12.6,red
11.7,0.49,0.49,2.2,0.083,5,15,1,3.19,0.43,9.2,red
7.3,0.305,0.39,1.2,0.059,7,11,0.99331,3.29,0.52,11.5,red
8,0.725,0.24,2.8,0.083,10,62,0.99685,3.35,0.56,10,red
6.1,0.28,0.3,7.75,0.031,33,139,0.99296,3.22,0.46,11,white
8.2,0.38,0.32,2.5,0.08,24,71,0.99624,3.27,0.85,11,red
7.8,0.52,0.25,1.9,0.081,14,38,0.9984,3.43,0.65,9,red
11.9,0.37,0.69,2.3,0.078,12,24,0.9958,3,0.65,12.8,red
6.9,0.63,0.01,2.4,0.076,14,39,0.99522,3.34,0.53,10.8,red
10.3,0.5,0.42,2,0.069,21,51,0.9982,3.16,0.72,11.5,red
6.4,0.42,0.74,12.8,0.076,48,209,0.9978,3.12,0.58,9,white
10,0.69,0.11,1.4,0.084,8,24,0.99578,2.88,0.47,9.7,red
6.8,0.785,0,2.4,0.104,14,30,0.9966,3.52,0.55,10.7,red
6.5,0.37,0.3,2.2,0.033,39,107,0.98894,3.22,0.53,13.5,white
8.1,0.3,0.49,8.1,0.037,26,174,0.9943,3.1,0.3,11.2,white
6.2,0.3,0.49,11.2,0.058,68,215,0.99656,3.19,0.6,9.4,white
7.2,0.695,0.13,2,0.076,12,20,0.99546,3.29,0.54,10.1,red
15.6,0.685,0.76,3.7,0.1,6,43,1.0032,2.95,0.68,11.2,red
10.7,0.4,0.48,2.1,0.125,15,49,0.998,3.03,0.81,9.7,red
6.3,0.28,0.3,3.1,0.039,24,115,0.9942,3.05,0.43,8.6,white
7.2,0.65,0.02,2.3,0.094,5,31,0.9993,3.67,0.8,9.7,red
12.2,0.48,0.54,2.6,0.085,19,64,1,3.1,0.61,10.5,red
6.5,0.36,0.38,10.2,0.028,20,82,0.99274,3.1,0.43,12.1,white
11.9,0.39,0.69,2.8,0.095,17,35,0.9994,3.1,0.61,10.8,red
6.4,0.25,0.57,1,0.062,21,122,0.99238,3,0.4,9.5,white
6.6,0.84,0.03,2.3,0.059,32,48,0.9952,3.52,0.56,12.3,red
7.8,0.29,0.22,9.5,0.056,44,213,0.99715,3.08,0.61,9.3,white
8.2,0.915,0.27,2.1,0.088,7,23,0.9962,3.26,0.47,10,red
6.6,0.15,0.32,6,0.033,59,128,0.99192,3.19,0.71,12.1,white
7.2,0.39,0.32,1.8,0.065,34,60,0.99714,3.46,0.78,9.9,red
9.4,0.27,0.53,2.4,0.074,6,18,0.9962,3.2,1.13,12,red
7.6,0.43,0.29,2.1,0.075,19,66,0.99718,3.4,0.64,9.5,red
6.9,1.09,0.06,2.1,0.061,12,31,0.9948,3.51,0.43,11.4,red
6.8,0.69,0,5.6,0.124,21,58,0.9997,3.46,0.72,10.2,red
6.3,0.3,0.19,7.7,0.049,47,184,0.99514,3.22,0.48,9.5,white
8.3,0.28,0.45,7.8,0.059,32,139,0.9972,3.33,0.77,11.2,white
9.1,0.33,0.38,1.7,0.062,50.5,344,0.9958,3.1,0.7,9.5,white
5.9,0.61,0.08,2.1,0.071,16,24,0.99376,3.56,0.77,11.1,red
10.6,1.025,0.43,2.8,0.08,21,84,0.9985,3.06,0.57,10.1,red
7.7,0.3,0.42,14.3,0.045,45,213,0.9991,3.18,0.63,9.2,white
5.6,0.15,0.26,5.55,0.051,51,139,0.99336,3.47,0.5,11,white
6.7,0.19,0.32,3.7,0.041,26,76,0.99173,2.9,0.57,10.5,white
6.6,0.57,0.02,2.1,0.115,6,16,0.99654,3.38,0.69,9.5,red
6.1,0.32,0.25,2.3,0.071,23,58,0.99633,3.42,0.97,10.6,red
7.2,0.38,0.31,2,0.056,15,29,0.99472,3.23,0.76,11.3,red
7.5,0.35,0.48,12.4,0.056,61,176.5,0.99803,2.97,0.52,8.8,white
6,0.32,0.12,5.9,0.041,34,190,0.9944,3.16,0.72,10,white
6.8,0.31,0.09,1.4,0.04,56,145,0.9922,3.19,0.46,10,white
6.4,0.69,0.09,7.6,0.044,34,144,0.9948,3.26,0.38,10.1,white
5.8,0.68,0.02,1.8,0.087,21,94,0.9944,3.54,0.52,10,red
8.7,0.46,0.31,2.5,0.126,24,64,0.99746,3.1,0.74,9.6,red
7.4,0.74,0.07,1.7,0.086,15,48,0.99502,3.12,0.48,10,red
6.4,0.24,0.49,5.8,0.053,25,120,0.9942,3.01,0.98,10.5,white
6.4,0.37,0.25,1.9,0.074,21,49,0.9974,3.57,0.62,9.8,red
7.4,0.29,0.28,10.2,0.032,43,138,0.9951,3.1,0.47,10.6,white
6.3,0.6,0.1,1.6,0.048,12,26,0.99306,3.55,0.51,12.1,red
7.9,0.41,0.37,4.5,0.03,40,114,0.992,3.17,0.54,12.4,white
7.9,0.42,0.49,8.2,0.056,32,164,0.9965,3.29,0.6,11.2,white
8.6,0.22,0.33,1.2,0.031,38,95,0.99239,2.83,0.31,10.3,white
5.2,0.48,0.04,1.6,0.054,19,106,0.9927,3.54,0.62,12.2,red
6.2,0.21,0.18,11.6,0.044,61,155,0.99655,3.14,0.52,9.4,white
8.2,0.5,0.35,2.9,0.077,21,127,0.9976,3.23,0.62,9.4,red
7.3,0.41,0.24,6.8,0.057,41,163,0.9949,3.2,0.41,9.9,white
5.9,0.27,0.27,9,0.051,43,136,0.9941,3.25,0.53,10.7,white
7.6,0.48,0.31,2.8,0.07,4,15,0.99693,3.22,0.55,10.3,red
6.1,0.41,0.24,1.6,0.049,16,137,0.993,3.32,0.5,10.4,white
8.4,0.715,0.2,2.4,0.076,10,38,0.99735,3.31,0.64,9.4,red
6.4,0.44,0.44,14.4,0.048,29,228,0.99955,3.26,0.54,8.8,white
9.1,0.28,0.48,1.8,0.067,26,46,0.9967,3.32,1.04,10.6,red
7.3,0.34,0.22,1.4,0.044,43,176,0.99286,3.14,0.46,9.9,white
7.9,0.43,0.21,1.6,0.106,10,37,0.9966,3.17,0.91,9.5,red
5.9,0.46,0.14,2.7,0.042,27,160,0.9931,3.46,0.51,10.6,white
7.2,0.2,0.22,1.6,0.044,17,101,0.99471,3.37,0.53,10,white
10.2,0.67,0.39,1.9,0.054,6,17,0.9976,3.17,0.47,10,red
8.5,0.655,0.49,6.1,0.122,34,151,1.001,3.31,1.14,9.3,red
8.2,0.6,0.17,2.3,0.072,11,73,0.9963,3.2,0.45,9.3,red
7.6,0.78,0,1.7,0.076,33,45,0.99612,3.31,0.62,10.7,red
7.2,0.19,0.46,3.8,0.041,82,187,0.9932,3.19,0.6,11.2,white
6.8,0.34,0.69,1.3,0.058,12,171,0.9931,3.06,0.47,9.7,white
7.1,0.14,0.33,1,0.104,20,54,0.99057,3.19,0.64,11.5,white
7.7,0.835,0,2.6,0.081,6,14,0.9975,3.3,0.52,9.3,red
6.7,0.23,0.25,1.6,0.036,28,143,0.99256,3.3,0.54,10.3,white
8.2,0.57,0.26,2.2,0.06,28,65,0.9959,3.3,0.43,10.1,red
5.9,0.24,0.26,12.3,0.053,34,134,0.9972,3.34,0.45,9.5,white
6.2,0.3,0.31,1.2,0.048,19,125,0.98999,3.32,0.54,12.6,white
7.4,0.62,0.05,1.9,0.068,24,42,0.9961,3.42,0.57,11.5,red
10.6,0.36,0.57,2.3,0.087,6,20,0.99676,3.14,0.72,11.1,red
6,0.2,0.26,6.8,0.049,22,93,0.9928,3.15,0.42,11,white
5.8,0.54,0,1.4,0.033,40,107,0.98918,3.26,0.35,12.4,white
10.9,0.53,0.49,4.6,0.118,10,17,1.0002,3.07,0.56,11.7,red
8.4,0.67,0.19,2.2,0.093,11,75,0.99736,3.2,0.59,9.2,red
7.1,0.18,0.36,1.4,0.043,31,87,0.9898,3.26,0.37,12.7,white
6.2,0.34,0.3,11.1,0.047,28,237,0.9981,3.18,0.49,8.7,white
7.6,0.25,0.34,1.3,0.056,34,176,0.99434,3.1,0.51,9.5,white
7.3,0.3,0.33,2.3,0.043,28,125,0.99084,3.34,0.44,12.6,white
11.6,0.23,0.57,1.8,0.074,3,8,0.9981,3.14,0.7,9.9,red
7.3,0.24,0.41,13.6,0.05,41,178,0.9988,3.37,0.43,9.7,white
7.3,0.23,0.34,9.3,0.052,19,86,0.99574,3.04,0.56,10,white
6.4,0.26,0.3,2.2,0.025,33,134,0.992,3.21,0.47,10.6,white
9.1,0.36,0.39,1.8,0.06,21,55,0.99495,3.18,0.82,11,red
7.8,0.56,0.19,1.8,0.104,12,47,0.9964,3.19,0.93,9.5,red
6.3,0.68,0.01,3.7,0.103,32,54,0.99586,3.51,0.66,11.3,red
7.3,0.585,0.18,2.4,0.078,15,60,0.99638,3.31,0.54,9.8,red
7.7,0.23,0.37,1.8,0.046,23,60,0.9971,3.41,0.71,12.1,red
10,0.48,0.24,2.7,0.102,13,32,1,3.28,0.56,10,red
7.9,0.18,0.49,5.2,0.051,36,157,0.9953,3.18,0.48,10.6,white
6.8,0.64,0.03,2.3,0.075,14,31,0.99545,3.36,0.58,10.4,red
7.1,0.59,0.01,2.3,0.08,27,43,0.9955,3.42,0.58,10.7,red
12.5,0.38,0.6,2.6,0.081,31,72,0.9996,3.1,0.73,10.5,red
6.5,0.35,0.28,12.4,0.051,86,213,0.9962,3.16,0.51,9.9,white
6.6,0.61,0.01,1.9,0.08,8,25,0.99746,3.69,0.73,10.5,red
7.5,0.57,0.08,2.6,0.089,14,27,0.99592,3.3,0.59,10.4,red
10.6,0.44,0.68,4.1,0.114,6,24,0.997,3.06,0.66,13.4,red
6,0.26,0.26,2.2,0.035,10,72,0.989465,3.11,0.48,12.15,white
6.5,0.22,0.45,8,0.053,52,196,0.9959,3.23,0.48,9.1,white
8.3,0.61,0.3,2.1,0.084,11,50,0.9972,3.4,0.61,10.2,red
5,0.74,0,1.2,0.041,16,46,0.99258,4.01,0.59,12.5,red
6.4,0.21,0.28,5.9,0.047,29,101,0.99278,3.15,0.4,11,white
7,0.54,0.09,2,0.081,10,16,0.99479,3.43,0.59,11.5,red
6.7,0.24,0.35,13.1,0.05,64,205,0.997,3.15,0.5,9.5,white
6.3,0.17,0.32,4.2,0.04,37,117,0.99182,3.24,0.43,11.3,white
10.2,0.36,0.64,2.9,0.122,10,41,0.998,3.23,0.66,12.5,red
7,0.57,0,2,0.19,12,45,0.99676,3.31,0.6,9.4,red
7.5,0.77,0.2,8.1,0.098,30,92,0.99892,3.2,0.58,9.2,red
6.6,0.16,0.32,1.4,0.035,49,186,0.9906,3.35,0.64,12.4,white
8.8,0.24,0.35,1.7,0.055,13,27,0.99394,3.14,0.59,11.3,red
8,0.715,0.22,2.3,0.075,13,81,0.99688,3.24,0.54,9.5,red
11.3,0.34,0.45,2,0.082,6,15,0.9988,2.94,0.66,9.2,red
8.6,0.63,0.17,2.9,0.099,21,119,0.998,3.09,0.52,9.3,red
6.4,0.37,0.12,5.9,0.056,6,91,0.99536,3.06,0.46,8.4,white
9.1,0.4,0.5,1.8,0.071,7,16,0.99462,3.21,0.69,12.5,red
11.6,0.41,0.54,1.5,0.095,22,41,0.99735,3.02,0.76,9.9,red
6.7,0.31,0.44,6.7,0.054,29,160,0.9952,3.04,0.44,9.6,white
7,0.14,0.32,9,0.039,54,141,0.9956,3.22,0.43,9.4,white
7.5,0.18,0.31,6.5,0.029,53,160,0.99276,3.03,0.38,10.9,white
6.4,0.29,0.2,15.6,0.04,20,142,0.9962,3.1,0.54,10.6,white
6.1,0.34,0.29,2.2,0.036,25,100,0.98938,3.06,0.44,11.8,white
7.8,0.46,0.26,1.9,0.088,23,53,0.9981,3.43,0.74,9.2,red
5.5,0.18,0.22,5.5,0.037,10,86,0.99156,3.46,0.44,12.2,white
6.2,0.23,0.35,0.7,0.051,24,111,0.9916,3.37,0.43,11,white
6.2,0.22,0.2,20.8,0.035,58,184,1.00022,3.11,0.53,9,white
6.1,0.17,0.29,1.1,0.041,32,92,0.99036,3.26,0.57,11.2,white
8.7,0.24,0.35,0.6,0.042,11,71,0.9926,3.08,0.38,10.6,white
10.4,0.44,0.42,1.5,0.145,34,48,0.99832,3.38,0.86,9.9,red
10.6,0.5,0.45,2.6,0.119,34,68,0.99708,3.23,0.72,10.9,red
6.8,0.22,0.35,17.5,0.039,38,153,0.9994,3.24,0.42,9,white
9,0.46,0.23,2.8,0.092,28,104,0.9983,3.1,0.56,9.2,red
6.5,0.29,0.52,1.7,0.034,41,193,0.99223,3.25,0.59,10.4,white
7.1,0.875,0.05,5.7,0.082,3,14,0.99808,3.4,0.52,10.2,red
9.2,0.31,0.36,2.2,0.079,11,31,0.99615,3.33,0.86,12,red
7.6,0.21,0.49,2.5,0.047,20,130,0.99178,3.15,0.48,11.1,white
6.6,0.63,0,4.3,0.093,51,77.5,0.99558,3.2,0.45,9.5,red
7.2,0.16,0.49,1.3,0.037,27,104,0.9924,3.23,0.57,10.6,white
7.1,0.13,0.29,15.5,0.064,56,115.5,0.99737,3.16,0.41,9.7,white
7.2,0.21,1,1.1,0.154,46,114,0.9931,2.95,0.43,9.2,white
6.9,0.24,0.49,1.3,0.032,35,148,0.9932,3.45,0.57,10.7,white
5.3,0.36,0.27,6.3,0.028,40,132,0.99186,3.37,0.4,11.6,white
8.1,0.29,0.36,2.2,0.048,35,53,0.995,3.27,1.01,12.4,red
7.8,0.43,0.7,1.9,0.464,22,67,0.9974,3.13,1.28,9.4,red
8.2,0.34,0.38,2.5,0.08,12,57,0.9978,3.3,0.47,9,red
7.6,0.52,0.49,14,0.034,37,156,0.9958,3.14,0.38,11.8,white
7.3,0.2,0.37,1.2,0.037,48,119,0.992,3.32,0.49,10.9,white
6.5,0.3,0.27,4,0.038,37,97,0.99026,3.2,0.6,12.6,white
6,0.25,0.28,2.2,0.026,54,126,0.9898,3.43,0.65,12.9,white
8.6,0.37,0.65,6.4,0.08,3,8,0.99817,3.27,0.58,11,red
6.4,0.31,0.53,8.8,0.057,36,221,0.99642,3.17,0.44,9.1,white
8.6,0.38,0.36,3,0.081,30,119,0.997,3.2,0.56,9.4,red
9.8,0.5,0.49,2.6,0.25,5,20,0.999,3.31,0.79,10.7,red
7.5,0.58,0.14,2.2,0.077,27,60,0.9963,3.28,0.59,9.8,red
7.4,0.64,0.07,1.8,0.1,8,23,0.9961,3.3,0.58,9.6,red
7.8,0.57,0.31,1.8,0.069,26,120,0.99625,3.29,0.53,9.3,red
6.5,0.53,0.06,2,0.063,29,44,0.99489,3.38,0.83,10.3,red
7.1,0.31,0.25,11.2,0.048,32,136,0.99663,3.14,0.4,9.5,white
8.3,0.34,0.4,2.4,0.065,24,48,0.99554,3.34,0.86,11,red
7.6,0.285,0.32,14.6,0.063,32,201,0.998,3,0.45,9.2,white
5.8,1.01,0.66,2,0.039,15,88,0.99357,3.66,0.6,11.5,red
6.9,0.29,0.32,5.8,0.04,16,112,0.993,3.04,0.58,11.2,white
10.5,0.43,0.35,3.3,0.092,24,70,0.99798,3.21,0.69,10.5,red
8.7,0.23,0.32,13.4,0.044,35,169,0.99975,3.12,0.47,8.8,white
6.6,0.22,0.29,14.4,0.046,39,118,0.99834,3.05,0.5,9.1,white
8.5,0.66,0.2,2.1,0.097,23,113,0.99733,3.13,0.48,9.2,red
6.4,0.12,0.49,6.4,0.042,49,161,0.9945,3.34,0.44,10.4,white
5.9,0.24,0.34,2,0.037,40,108,0.98948,3.19,0.5,12.3,white
7.1,0.43,0.42,5.5,0.071,28,128,0.9973,3.42,0.71,10.5,red
12.8,0.3,0.74,2.6,0.095,9,28,0.9994,3.2,0.77,10.8,red
7.3,0.32,0.23,2.3,0.066,35,70,0.99588,3.43,0.62,10.1,red
6.6,0.325,0.49,7.7,0.049,53,217,0.996,3.16,0.4,9.3,white
8.5,0.44,0.5,1.9,0.369,15,38,0.99634,3.01,1.1,9.4,red
6,0.2,0.26,6.8,0.049,22,93,0.9928,3.15,0.42,11,white
6.6,0.58,0.02,2,0.062,37,53,0.99374,3.35,0.76,11.6,red
6.8,0.475,0.33,3.95,0.047,16,81,0.98988,3.23,0.53,13.4,white
10.4,0.38,0.46,2.1,0.104,6,10,0.99664,3.12,0.65,11.8,red
6.2,0.21,0.26,13.1,0.05,59,150,0.99772,3.31,0.46,9,white
5.7,0.28,0.35,1.2,0.052,39,141,0.99108,3.44,0.69,11.3,white
10.6,0.28,0.39,15.5,0.069,6,23,1.0026,3.12,0.66,9.2,red
6.6,0.28,0.3,12.9,0.033,31,177,0.99479,3.12,0.39,11.2,white
8.9,0.4,0.32,5.6,0.087,10,47,0.9991,3.38,0.77,10.5,red
7.8,0.61,0.29,1.6,0.114,9,29,0.9974,3.26,1.56,9.1,red
6.4,0.22,0.56,14.5,0.055,27,159,0.998,2.98,0.4,9.1,white
8,0.33,0.53,2.5,0.091,18,80,0.9976,3.37,0.8,9.6,red
9.2,0.46,0.23,2.6,0.091,18,77,0.99922,3.15,0.51,9.4,red
7.6,1.58,0,2.1,0.137,5,9,0.99476,3.5,0.4,10.9,red
8.4,0.32,0.35,11.7,0.029,3,46,0.99439,3.02,0.34,11.8,white
6.7,1.04,0.08,2.3,0.067,19,32,0.99648,3.52,0.57,11,red
7.7,0.43,0.25,2.6,0.073,29,63,0.99615,3.37,0.58,10.5,red
8,0.37,0.32,1.6,0.04,32,166,0.992,3,0.55,11.3,white
5.6,0.26,0,10.2,0.038,13,111,0.99315,3.44,0.46,12.4,white
7.5,0.61,0.2,1.7,0.076,36,60,0.99494,3.1,0.4,9.3,red
7.2,0.66,0.33,2.5,0.068,34,102,0.99414,3.27,0.78,12.8,red
6.9,0.32,0.13,7.8,0.042,11,117,0.996,3.23,0.37,9.2,white
6.6,0.3,0.24,1.2,0.034,17,121,0.9933,3.13,0.36,9.2,white
7.2,0.36,0.46,2.1,0.074,24,44,0.99534,3.4,0.85,11,red
5,0.4,0.5,4.3,0.046,29,80,0.9902,3.49,0.66,13.6,red
7.4,0.25,0.29,2.2,0.054,19,49,0.99666,3.4,0.76,10.9,red
8.1,0.825,0.24,2.1,0.084,5,13,0.9972,3.37,0.77,10.7,red
7.3,0.3,0.25,2.5,0.045,32,122,0.99329,3.18,0.54,10.3,white
7.1,0.84,0.02,4.4,0.096,5,13,0.997,3.41,0.57,11,red
10,0.56,0.24,2.2,0.079,19,58,0.9991,3.18,0.56,10.1,red
7,0.69,0.08,1.8,0.097,22,89,0.9959,3.34,0.54,9.2,red
8,0.38,0.06,1.8,0.078,12,49,0.99625,3.37,0.52,9.9,red
7.1,0.43,0.17,1.8,0.082,27,51,0.99634,3.49,0.64,10.4,red
6.4,0.33,0.3,7.2,0.041,42,168,0.99331,3.22,0.49,11.1,white
8,0.31,0.45,2.1,0.216,5,16,0.99358,3.15,0.81,12.5,red
5.7,0.22,0.33,1.9,0.036,37,110,0.98945,3.26,0.58,12.4,white
9.3,0.43,0.44,1.9,0.085,9,22,0.99708,3.28,0.55,9.5,red
8.2,0.64,0.27,2,0.095,5,77,0.99747,3.13,0.62,9.1,red
7.2,0.66,0.03,2.3,0.078,16,86,0.99743,3.53,0.57,9.7,red
7,0.24,0.3,12.3,0.035,72,172,0.9954,2.99,0.57,10.4,white
6.8,0.91,0.06,2,0.06,4,11,0.99592,3.53,0.64,10.9,red
5.6,0.66,0,2.2,0.087,3,11,0.99378,3.71,0.63,12.8,red
11.9,0.58,0.58,1.9,0.071,5,18,0.998,3.09,0.63,10,red
6.9,0.34,0.74,11.2,0.069,44,150,0.9968,3,0.81,9.2,white
7,0.56,0.17,1.7,0.065,15,24,0.99514,3.44,0.68,10.55,red
13.8,0.49,0.67,3,0.093,6,15,0.9986,3.02,0.93,12,red
6.6,0.22,0.37,1.6,0.04,31,101,0.99009,3.15,0.66,12,white
7.9,0.21,0.4,1.2,0.039,38,107,0.992,3.21,0.54,10.8,white
7,0.64,0.02,2.1,0.067,9,23,0.997,3.47,0.67,9.4,red
6.2,0.25,0.44,15.8,0.057,39,167,0.99804,3.14,0.51,9.2,white
6.8,0.25,0.27,10.7,0.076,47,154,0.9967,3.05,0.38,9,white
5.4,0.74,0.09,1.7,0.089,16,26,0.99402,3.67,0.56,11.6,red
8.8,0.61,0.14,2.4,0.067,10,42,0.9969,3.19,0.59,9.5,red
8.8,0.48,0.41,3.3,0.092,26,52,0.9982,3.31,0.53,10.5,red
8.8,0.66,0.26,1.7,0.074,4,23,0.9971,3.15,0.74,9.2,red
9.8,0.44,0.47,2.5,0.063,9,28,0.9981,3.24,0.65,10.8,red
11.4,0.625,0.66,6.2,0.088,6,24,0.9988,3.11,0.99,13.3,red
8.2,0.23,0.42,1.9,0.069,9,17,0.99376,3.21,0.54,12.3,red
9.9,0.54,0.26,2,0.111,7,60,0.99709,2.94,0.98,10.2,red
7.1,0.18,0.32,12.2,0.048,36,125,0.9967,2.92,0.54,9.4,white
6.6,0.61,0.01,1.9,0.08,8,25,0.99746,3.69,0.73,10.5,red
6.3,0.33,0.42,17.2,0.037,57,170,0.99884,3.26,0.57,9.4,white
6.3,0.41,0.18,3.5,0.027,23,109,0.99018,3.34,0.54,12.8,white
7.8,0.21,0.39,1.8,0.034,62,180,0.991,3.09,0.75,12.6,white
5.9,0.18,0.28,5.1,0.039,50,139,0.99165,3.16,0.44,11.3,white
8.6,0.635,0.68,1.8,0.403,19,56,0.99632,3.02,1.15,9.3,red
5.3,0.16,0.39,1,0.028,40,101,0.99156,3.57,0.59,10.6,white
5.5,0.375,0.38,1.7,0.036,17,98,0.99142,3.29,0.39,10.5,white
7.5,0.5,0.36,6.1,0.071,17,102,0.9978,3.35,0.8,10.5,red
7.1,0.43,0.42,5.5,0.07,29,129,0.9973,3.42,0.72,10.5,red
7.2,0.45,0.15,2,0.078,10,28,0.99609,3.29,0.51,9.9,red
8.1,0.66,0.22,2.2,0.069,9,23,0.9968,3.3,1.2,10.3,red
7.2,0.58,0.27,5.8,0.032,40,118,0.99088,3.17,0.53,13,white
9.3,0.36,0.39,1.5,0.08,41,55,0.99652,3.47,0.73,10.9,red
6.7,0.28,0.34,8.9,0.048,32,111,0.99455,3.25,0.54,11,white
6.9,0.34,0.3,4.7,0.029,34,148,0.99165,3.36,0.49,12.3,white
7.2,0.24,0.4,17.85,0.049,50,185,1,3.34,0.42,9.6,white
7.6,0.41,0.33,2.5,0.078,6,23,0.9957,3.3,0.58,11.2,red
6.1,0.2,0.34,9.5,0.041,38,201,0.995,3.14,0.44,10.1,white
11.8,0.26,0.52,1.8,0.071,6,10,0.9968,3.2,0.72,10.2,red
7.1,0.31,0.47,13.6,0.056,54,197,0.9978,3.1,0.49,9.3,white
7.3,0.835,0.03,2.1,0.092,10,19,0.9966,3.39,0.47,9.6,red
6.9,0.615,0.42,12,0.067,24,131,0.99727,3.19,0.34,9.3,white
7.1,0.14,0.35,1.4,0.039,24,128,0.99212,2.97,0.68,10.4,white
8.9,0.565,0.34,3,0.093,16,112,0.9998,3.38,0.61,9.5,red
8.9,0.38,0.4,2.2,0.068,12,28,0.99486,3.27,0.75,12.6,red
7.1,0.18,0.39,14.5,0.051,48,156,0.99947,3.35,0.78,9.1,white
6.4,0.16,0.25,1.4,0.057,21,125,0.99091,3.23,0.44,11.1,white
7,0.3,0.49,4.7,0.036,17,105,0.9916,3.26,0.68,12.4,white
9.2,0.34,0.54,17.3,0.06,46,235,1.00182,3.08,0.61,8.8,white
7.2,0.49,0.24,2.2,0.07,5,36,0.996,3.33,0.48,9.4,red
8.3,0.26,0.42,2,0.08,11,27,0.9974,3.21,0.8,9.4,red
9,0.44,0.49,2.4,0.078,26,121,0.9978,3.23,0.58,9.2,red
7.8,0.57,0.09,2.3,0.065,34,45,0.99417,3.46,0.74,12.7,red
9.9,0.25,0.46,1.7,0.062,26,42,0.9959,3.18,0.83,10.6,red
6.7,0.21,0.42,9.1,0.049,31,150,0.9953,3.12,0.74,9.9,white
8.9,0.43,0.45,1.9,0.052,6,16,0.9948,3.35,0.7,12.5,red
7.7,0.26,0.51,2.6,0.045,26,159,0.99126,3,0.5,11.2,white
7.7,0.18,0.53,1.2,0.041,42,167,0.9908,3.11,0.44,11.9,white
7.4,0.64,0.07,1.8,0.1,8,23,0.9961,3.3,0.58,9.6,red
7.1,0.44,0.37,2.7,0.041,35,128,0.9896,3.07,0.43,13.5,white
8.1,0.78,0.23,2.6,0.059,5,15,0.997,3.37,0.56,11.3,red
7.3,0.305,0.39,1.2,0.059,7,11,0.99331,3.29,0.52,11.5,red
9.3,0.36,0.39,1.5,0.08,41,55,0.99652,3.47,0.73,10.9,red
5,0.42,0.24,2,0.06,19,50,0.9917,3.72,0.74,14,red
6,0.29,0.25,1.4,0.033,30,114,0.98794,3.08,0.43,13.2,white
8.2,0.74,0.09,2,0.067,5,10,0.99418,3.28,0.57,11.8,red
7.7,0.96,0.2,2,0.047,15,60,0.9955,3.36,0.44,10.9,red
6.3,0.32,0.35,11.1,0.039,29,198,0.9984,3.36,0.5,9.4,white
6.8,0.41,0.31,8.8,0.084,26,45,0.99824,3.38,0.64,10.1,red
8.7,0.31,0.73,14.35,0.044,27,191,1.00013,2.96,0.88,8.7,white
8.7,0.33,0.38,3.3,0.063,10,19,0.99468,3.3,0.73,12,red
5.3,0.47,0.11,2.2,0.048,16,89,0.99182,3.54,0.88,13.5666666666667,red
7.7,0.75,0.27,3.8,0.11,34,89,0.99664,3.24,0.45,9.3,red
7,0.43,0.3,2,0.085,6,39,0.99346,3.33,0.46,11.9,red
6.1,0.22,0.46,1.8,0.16,34,74,0.9884,3.19,0.33,13.4,white
7.1,0.36,0.4,1.95,0.033,26,118,0.98934,3.2,0.45,13.5,white
6.6,0.735,0.02,7.9,0.122,68,124,0.9994,3.47,0.53,9.9,red
7.4,0.3,0.22,1.4,0.046,16,135,0.9928,3.08,0.77,10.4,white
6.6,0.22,0.36,5.5,0.029,30,105,0.99206,3.2,0.47,11.8,white
6.8,0.32,0.28,4.8,0.034,25,100,0.99026,3.08,0.47,12.4,white
7.4,0.49,0.27,2.1,0.071,14,25,0.99388,3.35,0.63,12,red
7,0.745,0.12,1.8,0.114,15,64,0.99588,3.22,0.59,9.5,red
6.2,0.3,0.33,3.5,0.037,37,155,0.98987,3.18,0.37,12.4,white
6.7,0.64,0.23,2.1,0.08,11,119,0.99538,3.36,0.7,10.9,red
8.2,0.28,0.42,1.8,0.031,30,93,0.9917,3.09,0.39,11.4,white
6.6,0.7,0.08,2.6,0.106,14,27,0.99665,3.44,0.58,10.2,red
7.9,0.6,0.06,1.6,0.069,15,59,0.9964,3.3,0.46,9.4,red
7.8,0.88,0,2.6,0.098,25,67,0.9968,3.2,0.68,9.8,red
7,0.29,0.26,1.6,0.044,12,87,0.9923,3.08,0.46,10.5,white
9.5,0.59,0.44,2.3,0.071,21,68,0.9992,3.46,0.63,9.5,red
7,0.36,0.21,2.3,0.086,20,65,0.99558,3.4,0.54,10.1,red
5.9,0.3,0.29,1.1,0.036,23,56,0.9904,3.19,0.38,11.3,white
8.8,0.6,0.29,2.2,0.098,5,15,0.9988,3.36,0.49,9.1,red
7.9,0.24,0.4,1.6,0.056,11,25,0.9967,3.32,0.87,8.7,red
10.3,0.27,0.24,2.1,0.072,15,33,0.9956,3.22,0.66,12.8,red
8.4,0.36,0.32,2.2,0.081,32,79,0.9964,3.3,0.72,11,red
12.6,0.31,0.72,2.2,0.072,6,29,0.9987,2.88,0.82,9.8,red
7.5,0.51,0.02,1.7,0.084,13,31,0.99538,3.36,0.54,10.5,red
6.4,0.32,0.5,10.7,0.047,57,206,0.9968,3.08,0.6,9.4,white
8.3,0.66,0.15,1.9,0.079,17,42,0.9972,3.31,0.54,9.6,red
7.2,0.23,0.38,14.3,0.058,55,194,0.9979,3.09,0.44,9,white
5.7,0.25,0.21,1.5,0.044,21,108,0.99142,3.3,0.59,11,white
6.9,0.29,0.4,19.45,0.043,36,156,0.9996,2.93,0.47,8.9,white
6.6,0.25,0.25,1.3,0.04,28,85,0.98984,2.87,0.48,11.2,white
6.7,0.24,0.33,12.3,0.046,31,145,0.9983,3.36,0.4,9.5,white
9.9,0.4,0.53,6.7,0.097,6,19,0.9986,3.27,0.82,11.7,red
6.9,0.28,0.37,9.1,0.037,16,76,0.9948,3.05,0.54,11.1,white
6.6,0.44,0.15,2.1,0.076,22,53,0.9957,3.32,0.62,9.3,red
6.5,0.88,0.03,5.6,0.079,23,47,0.99572,3.58,0.5,11.2,red
7,0.43,0.36,1.6,0.089,14,37,0.99615,3.34,0.56,9.2,red
8.9,0.21,0.34,7.1,0.037,33,150,0.9962,3.1,0.45,9.7,white
7.9,0.18,0.4,1.8,0.062,7,20,0.9941,3.28,0.7,11.1,red
7.2,0.57,0.06,1.6,0.076,9,27,0.9972,3.36,0.7,9.6,red
6.5,0.39,0.23,8.3,0.051,28,91,0.9952,3.44,0.55,12.1,red
6.1,0.3,0.47,1.4,0.049,50,187,0.9927,3.19,0.45,9.5,white
6.8,0.32,0.34,6,0.05,5,129,0.9953,3.19,0.4,9.1,white
12,0.28,0.49,1.9,0.074,10,21,0.9976,2.98,0.66,9.9,red
7.6,0.54,0.02,1.7,0.085,17,31,0.99589,3.37,0.51,10.4,red
8.2,0.21,0.32,10.65,0.053,53,145,0.9972,3.17,0.48,10.2,white
8,0.52,0.25,2,0.078,19,59,0.99612,3.3,0.48,10.2,red
6.4,0.22,0.49,7.5,0.054,42,151,0.9948,3.27,0.52,10.1,white
7.3,0.19,0.49,15.55,0.058,50,134,0.9998,3.42,0.36,9.1,white
7,0.65,0.02,2.1,0.066,8,25,0.9972,3.47,0.67,9.5,red
11.9,0.4,0.65,2.15,0.068,7,27,0.9988,3.06,0.68,11.3,red
6.5,0.58,0,2.2,0.096,3,13,0.99557,3.62,0.62,11.5,red
10.4,0.41,0.55,3.2,0.076,22,54,0.9996,3.15,0.89,9.9,red
7.8,0.26,0.44,1.3,0.037,43,132,0.9944,3.18,0.65,10,white
6.7,0.39,0.24,2.7,0.017,22,80,0.99084,3.03,0.37,11.5,white
9.1,0.27,0.32,1.1,0.031,15,151,0.9936,3.03,0.41,10.6,white
6,0.51,0,2.1,0.064,40,54,0.995,3.54,0.93,10.7,red
8.4,0.37,0.43,2.3,0.063,12,19,0.9955,3.17,0.81,11.2,red
7.5,0.63,0.12,5.1,0.111,50,110,0.9983,3.26,0.77,9.4,red
7,0.49,0.49,5.6,0.06,26,121,0.9974,3.34,0.76,10.5,red
7.4,0.36,0.29,2.6,0.087,26,72,0.99645,3.39,0.68,11,red
9.3,0.43,0.44,1.9,0.085,9,22,0.99708,3.28,0.55,9.5,red
7.3,0.28,0.54,12.9,0.049,62,162.5,0.9984,3.06,0.45,9.1,white
7.1,0.27,0.28,1.25,0.023,3,89,0.98993,2.95,0.3,11.4,white
7.3,0.73,0.24,1.9,0.108,18,102,0.9967,3.26,0.59,9.3,red
7.1,0.3,0.36,6.8,0.055,44.5,234,0.9972,3.49,0.64,10.2,white
6.1,0.37,0.36,4.7,0.035,36,116,0.991,3.31,0.62,12.6,white
8.5,0.47,0.27,1.9,0.058,18,38,0.99518,3.16,0.85,11.1,red
7.5,0.23,0.29,2.6,0.031,24,98,0.99194,3,0.54,10.9,white
10.3,0.43,0.44,2.4,0.214,5,12,0.9994,3.19,0.63,9.5,red
7.5,0.705,0.1,13,0.044,44,214,0.99741,3.1,0.5,9.1,white
7.7,0.61,0.18,2.4,0.083,6,20,0.9963,3.29,0.6,10.2,red
6.7,0.48,0.08,2.1,0.064,18,34,0.99552,3.33,0.64,9.7,red
5.9,0.29,0.25,13.4,0.067,72,160,0.99721,3.33,0.54,10.3,red
7.6,0.31,0.34,2.5,0.082,26,35,0.99356,3.22,0.59,12.5,red
6,0.41,0.05,1.5,0.063,17,120,0.9932,3.21,0.56,9.2,white
6.5,0.25,0.27,15.2,0.049,75,217,0.9972,3.19,0.39,9.9,white
7,0.6,0.12,2.2,0.083,13,28,0.9966,3.52,0.62,10.2,red
6.8,0.66,0.07,1.6,0.07,16,61,0.99572,3.29,0.6,9.3,red
7.7,0.69,0.05,2.7,0.075,15,27,0.9974,3.26,0.61,9.1,red
7.3,0.69,0.32,2.2,0.069,35,104,0.99632,3.33,0.51,9.5,red
6.8,0.17,0.17,5.1,0.049,26,82,0.993,3,0.38,9.8,white
6.6,0.21,0.3,9.9,0.041,64,174,0.995,3.07,0.5,10.1,white
7,0.24,0.24,1.8,0.047,29,91,0.99251,3.3,0.43,9.9,white
11.4,0.36,0.69,2.1,0.09,6,21,1,3.17,0.62,9.2,red
6.4,0.27,0.45,8.3,0.05,52,196,0.9955,3.18,0.48,9.5,white
5.7,0.6,0,1.4,0.063,11,18,0.99191,3.45,0.56,12.2,red
7.7,0.715,0.01,2.1,0.064,31,43,0.99371,3.41,0.57,11.8,red
8.5,0.21,0.52,1.9,0.09,9,23,0.99648,3.36,0.67,10.4,red
8,0.27,0.24,1.2,0.044,20,102,0.9929,3.28,0.42,10.9,white
8,0.62,0.35,2.8,0.086,28,52,0.997,3.31,0.62,10.8,red
6.6,0.32,0.22,16.7,0.046,38,133,0.9979,3.22,0.67,10.4,white
7.4,0.31,0.28,1.6,0.05,33,137,0.9929,3.31,0.56,10.5,white
8,0.43,0.36,2.3,0.075,10,48,0.9976,3.34,0.46,9.4,red
6.4,0.24,0.32,0.95,0.041,23,131,0.99033,3.25,0.35,11.8,white
6.6,0.34,0.24,3.3,0.034,29,99,0.99031,3.1,0.4,12.3,white
6.9,0.26,0.29,4.2,0.043,33,114,0.9902,3.16,0.31,12.5,white
7.8,0.64,0.1,6,0.115,5,11,0.9984,3.37,0.69,10.1,red
7.8,0.28,0.34,1.6,0.028,32,118,0.9901,3,0.38,12.1,white
6.8,0.6,0.18,1.9,0.079,18,86,0.9968,3.59,0.57,9.3,red
9.3,0.48,0.29,2.1,0.127,6,16,0.9968,3.22,0.72,11.2,red
8.8,0.23,0.74,3.2,0.042,15,126,0.9934,3.02,0.51,11.2,white
9.5,0.59,0.44,2.3,0.071,21,68,0.9992,3.46,0.63,9.5,red
8,0.26,0.36,2,0.054,30,121,0.992,3.09,0.72,11.6,white
15,0.21,0.44,2.2,0.075,10,24,1.00005,3.07,0.84,9.2,red
9.2,0.52,1,3.4,0.61,32,69,0.9996,2.74,2.0,9.4,red
8.3,0.42,0.38,2.5,0.094,24,60,0.9979,3.31,0.7,10.8,red
6.7,0.54,0.13,2,0.076,15,36,0.9973,3.61,0.64,9.8,red
8.3,0.58,0.13,2.9,0.096,14,63,0.9984,3.17,0.62,9.1,red
7.9,0.33,0.26,1.2,0.044,23,103,0.9932,3.19,0.54,10.5,white
10.8,0.32,0.44,1.6,0.063,16,37,0.9985,3.22,0.78,10,red
8.1,0.2,0.28,0.9,0.023,49,87,0.99062,2.92,0.36,11.1,white
8.8,0.3,0.38,2.3,0.06,19,72,0.99543,3.39,0.72,11.8,red
8.2,0.42,0.49,2.6,0.084,32,55,0.9988,3.34,0.75,8.7,red
6.8,0.14,0.18,1.4,0.047,30,90,0.99164,3.27,0.54,11.2,white
6.8,0.36,0.32,1.6,0.039,10,124,0.9948,3.3,0.67,9.6,white
10.1,0.935,0.22,3.4,0.105,11,86,1.001,3.43,0.64,11.3,red
7.1,0.21,0.27,8.6,0.056,26,111,0.9956,2.95,0.52,9.5,white
6.6,0.25,0.39,1.45,0.04,40,89,0.9911,3.35,0.4,11.4,white
9,0.22,0.49,10.4,0.048,52,195,0.9987,3.31,0.44,10.2,white
6.9,0.18,0.38,6.5,0.039,20,110,0.9943,3.1,0.42,10.5,white
7,0.36,0.32,10.05,0.045,37,131,0.99352,3.09,0.33,11.7,white
6.4,0.12,0.3,1.1,0.031,37,94,0.98986,3.01,0.56,11.7,white
6.9,0.34,0.49,7.3,0.045,61,206,0.9957,3.09,0.4,9,white
6.4,0.57,0.12,2.3,0.12,25,36,0.99519,3.47,0.71,11.3,red
8.4,0.22,0.28,18.8,0.028,55,130,0.998,2.96,0.35,11.6,white
7.5,0.41,0.23,14.8,0.054,28,174,0.99898,3.18,0.49,9.7,white
5.7,0.25,0.27,10.8,0.05,58,116,0.99592,3.1,0.5,9.8,white
8.8,0.27,0.46,2.1,0.095,20,29,0.99488,3.26,0.56,11.3,red
9,0.82,0.14,2.6,0.089,9,23,0.9984,3.39,0.63,9.8,red
7.9,0.33,0.41,1.5,0.056,6,35,0.99396,3.29,0.71,11,red
6.1,0.27,0.33,2.2,0.021,26,117,0.9886,3.12,0.3,12.5,white
7.6,0.33,0.35,6.3,0.036,12,126,0.9924,3.16,0.39,12,white
6.9,0.54,0.04,3,0.077,7,27,0.9987,3.69,0.91,9.4,red
7,0.42,0.35,1.6,0.088,16,39,0.9961,3.34,0.55,9.2,red
7.7,0.69,0.49,1.8,0.115,20,112,0.9968,3.21,0.71,9.3,red
6.8,0.3,0.29,6.2,0.025,29,95,0.99071,3.03,0.32,12.9,white
6.6,0.24,0.29,2,0.023,19,86,0.99,3.25,0.45,12.5,white
6.1,0.68,0.52,1.4,0.037,32,123,0.99022,3.24,0.45,12,white
10.6,0.36,0.59,2.2,0.152,6,18,0.9986,3.04,1.05,9.4,red
6.3,0.48,0.04,1.1,0.046,30,99,0.9928,3.24,0.36,9.6,white
7.2,0.38,0.3,1.8,0.073,31,70,0.99685,3.42,0.59,9.5,red
6,0.21,0.3,8.7,0.036,47,127,0.99368,3.18,0.39,10.6,white
13.3,0.29,0.75,2.8,0.084,23,43,0.9986,3.04,0.68,11.4,red
8.8,0.37,0.48,2.1,0.097,39,145,0.9975,3.04,1.03,9.3,red
7.9,0.3,0.68,8.3,0.05,37.5,289,0.99316,3.01,0.51,12.3,red
7.8,0.735,0.08,2.4,0.092,10,41,0.9974,3.24,0.71,9.8,red
5.8,0.32,0.38,4.75,0.033,23,94,0.991,3.42,0.42,11.8,white
7.7,0.62,0.04,3.8,0.084,25,45,0.9978,3.34,0.53,9.5,red
7.5,0.58,0.2,2,0.073,34,44,0.99494,3.1,0.43,9.3,red
8.8,0.4,0.4,2.2,0.079,19,52,0.998,3.44,0.64,9.2,red
7.3,0.32,0.35,1.4,0.05,8,163,0.99244,3.24,0.42,10.7,white
10.4,0.26,0.48,1.9,0.066,6,10,0.99724,3.33,0.87,10.9,red
8.4,0.18,0.42,5.1,0.036,7,77,0.9939,3.16,0.52,11.7,white
9,0.6,0.29,2,0.069,32,73,0.99654,3.34,0.57,10,red
6.2,0.23,0.36,17.2,0.039,37,130,0.99946,3.23,0.43,8.8,white
6.6,0.21,0.31,11.4,0.039,46,165,0.99795,3.41,0.44,9.8,white
5.6,0.29,0.05,0.8,0.038,11,30,0.9924,3.36,0.35,9.2,white
6.4,0.39,0.33,3.3,0.046,12,53,0.99294,3.36,0.62,12.2,red
7.4,0.6,0.26,7.3,0.07,36,121,0.9982,3.37,0.49,9.4,red
6.9,0.58,0.2,1.75,0.058,8,22,0.99322,3.38,0.49,11.7,red
10.2,0.29,0.49,2.6,0.059,5,13,0.9976,3.05,0.74,10.5,red
7.5,0.6,0.32,2.7,0.103,13,98,0.99938,3.45,0.62,9.5,red
7.7,0.915,0.12,2.2,0.143,7,23,0.9964,3.35,0.65,10.2,red
6.7,0.86,0.07,2,0.1,20,57,0.99598,3.6,0.74,11.7,red
6.3,0.22,0.28,2.4,0.042,38,102,0.98998,3.14,0.37,11.6,white
7.2,0.4,0.49,1.1,0.048,11,138,0.9929,3.01,0.42,9.3,white
11,0.2,0.48,2,0.343,6,18,0.9979,3.3,0.71,10.5,red
9.5,0.57,0.27,2.3,0.082,23,144,0.99782,3.27,0.55,9.4,red
6.8,0.24,0.31,18.3,0.046,40,142,1,3.3,0.41,8.7,white
10.5,0.26,0.47,1.9,0.078,6,24,0.9976,3.18,1.04,10.9,red
7,0.34,0.26,10.3,0.041,51,166,0.99382,3.08,0.35,11.6,white
7,0.24,0.3,4.2,0.04,41,213,0.9927,3.28,0.49,11.8,white
7.2,0.63,0,1.9,0.097,14,38,0.99675,3.37,0.58,9,red
7,0.26,0.34,10.9,0.038,25,84,0.99432,3.11,0.34,10.9,white
6.6,0.28,0.41,7,0.046,59,194,0.99558,3.14,0.48,9.4,white
7.4,0.53,0.26,2,0.101,16,72,0.9957,3.15,0.57,9.4,red
6.9,0.3,0.3,1.3,0.053,24,186,0.99361,3.29,0.54,9.9,white
7.6,0.41,0.49,2,0.088,16,43,0.998,3.48,0.64,9.1,red
7.4,0.16,0.27,15.5,0.05,25,135,0.9984,2.9,0.43,8.7,white
7.6,0.18,0.36,2.4,0.049,38,123,0.996,3.6,0.46,10.3,white
8.8,0.6,0.29,2.2,0.098,5,15,0.9988,3.36,0.49,9.1,red
7.9,1.04,0.05,2.2,0.084,13,29,0.9959,3.22,0.55,9.9,red
8.6,0.53,0.22,2,0.1,7,27,0.9967,3.2,0.56,10.2,red
7.3,0.24,0.34,15.4,0.05,38,174,0.9983,3.03,0.42,9,white
6.5,0.67,0,4.3,0.057,11,20,0.99488,3.45,0.56,11.8,red
11.2,0.67,0.55,2.3,0.084,6,13,1,3.17,0.71,9.5,red
7.4,0.27,0.26,11.8,0.053,55,173,0.99699,3.11,0.6,9.8,white
7.3,0.28,0.42,1.2,0.033,29,142,0.99205,3.17,0.43,10.7,white
7.2,0.4,0.62,10.8,0.041,70,189,0.9976,3.08,0.49,8.6,white
8.8,0.59,0.18,2.9,0.089,12,74,0.99738,3.14,0.54,9.4,red
6.1,0.6,0.08,1.8,0.071,14,45,0.99336,3.38,0.54,11,red
8.4,0.29,0.4,1.7,0.067,8,20,0.99603,3.39,0.6,10.5,red
7.2,0.37,0.15,2,0.029,27,87,0.9903,3.3,0.59,12.6,white
8.1,0.725,0.22,2.2,0.072,11,41,0.9967,3.36,0.55,9.1,red
6.9,0.25,0.34,1.3,0.035,27,82,0.99045,3.18,0.44,12.2,white
7.8,0.26,0.49,3.2,0.027,28,87,0.9919,3.03,0.32,11.3,white
10.3,0.41,0.42,2.4,0.213,6,14,0.9994,3.19,0.62,9.5,red
7.8,0.32,0.44,2.7,0.104,8,17,0.99732,3.33,0.78,11,red
10.7,0.35,0.53,2.6,0.07,5,16,0.9972,3.15,0.65,11,red
6.7,0.32,0.32,1.7,0.031,31,114,0.98946,3.12,0.35,12.5,white
14.3,0.31,0.74,1.8,0.075,6,15,1.0008,2.86,0.79,8.4,red
11.1,0.31,0.49,2.7,0.094,16,47,0.9986,3.12,1.02,10.6,red
7.7,0.935,0.43,2.2,0.114,22,114,0.997,3.25,0.73,9.2,red
10.4,0.52,0.45,2,0.08,6,13,0.99774,3.22,0.76,11.4,red
6.4,0.2,0.32,3.1,0.041,18,126,0.9914,3.43,0.42,12,white
7.2,0.24,0.3,1.6,0.048,27,131,0.9933,3.25,0.45,10.5,white
7.3,0.38,0.21,2,0.08,7,35,0.9961,3.33,0.47,9.5,red
8.7,0.82,0.02,1.2,0.07,36,48,0.9952,3.2,0.58,9.8,red
6.6,0.33,0.24,16.05,0.045,31,147,0.99822,3.08,0.52,9.2,white
7.3,0.55,0.03,1.6,0.072,17,42,0.9956,3.37,0.48,9,red
8.6,0.47,0.27,2.3,0.055,14,28,0.99516,3.18,0.8,11.2,red
7.1,0.33,0.3,3.3,0.034,30,102,0.9912,3.08,0.31,12.3,white
11.2,0.66,0.24,2.5,0.085,16,53,0.9993,3.06,0.72,11,red
9.2,0.43,0.52,2.3,0.083,14,23,0.9976,3.35,0.61,11.3,red
6.7,0.16,0.32,12.5,0.035,18,156,0.99666,2.88,0.36,9,white
8.4,0.65,0.6,2.1,0.112,12,90,0.9973,3.2,0.52,9.2,red
6.6,0.13,0.3,4.9,0.058,47,131,0.9946,3.51,0.45,10.3,white
11.1,0.42,0.47,2.65,0.085,9,34,0.99736,3.24,0.77,12.1,red
8.3,0.31,0.39,2.4,0.078,17,43,0.99444,3.31,0.77,12.5,red
6.7,0.27,0.33,3.6,0.034,9,45,0.99144,3.08,0.4,10.5,white
7.2,0.36,0.46,2.1,0.074,24,44,0.99534,3.4,0.85,11,red
6.8,0.34,0.44,6.6,0.052,28,156,0.9955,3.14,0.41,9.6,white
7.3,0.3,0.74,13.5,0.039,46,165,0.9982,3.02,0.4,8.7,white
5.4,0.265,0.28,7.8,0.052,27,91,0.99432,3.19,0.38,10.4,white
7.9,0.52,0.26,1.9,0.079,42,140,0.9964,3.23,0.54,9.5,red
6.6,0.39,0.38,9.7,0.053,49,226,0.99787,3.3,0.57,9.4,white
7.4,0.25,0.29,6.8,0.02,31,113,0.99338,3.13,0.29,10.8,white
6.7,0.27,0.25,8,0.053,54,202,0.9961,3.22,0.43,9.3,white
7.3,0.48,0.32,2.1,0.062,31,54,0.99728,3.3,0.65,10,red
6.6,0.19,0.35,1.5,0.037,37,107,0.99006,3.18,0.68,12,white
5.9,0.34,0.31,2,0.03,38,142,0.98892,3.4,0.41,12.9,white
7.4,0.6,0.26,2.1,0.083,17,91,0.99616,3.29,0.56,9.8,red
12.4,0.42,0.49,4.6,0.073,19,43,0.9978,3.02,0.61,9.5,red
6.8,0.21,0.55,14.6,0.053,34,159,0.99805,2.93,0.44,9.2,white
5.3,0.57,0.01,1.7,0.054,5,27,0.9934,3.57,0.84,12.5,red
6.2,0.7,0.15,5.1,0.076,13,27,0.99622,3.54,0.6,11.9,red
6.5,0.3,0.29,2.25,0.037,8,210,0.9937,3.19,0.62,9.9,white
6.8,0.19,0.32,7.05,0.019,54,188,0.9935,3.25,0.37,11.1,white
8.9,0.635,0.37,1.7,0.263,5,62,0.9971,3,1.09,9.3,red
10.7,0.9,0.34,6.6,0.112,23,99,1.00289,3.22,0.68,9.3,red
9.6,0.32,0.47,1.4,0.056,9,24,0.99695,3.22,0.82,10.3,red
8.4,0.36,0.32,2.2,0.081,32,79,0.9964,3.3,0.72,11,red
11,0.3,0.58,2.1,0.054,7,19,0.998,3.31,0.88,10.5,red
7.3,0.22,0.4,14.75,0.042,44.5,129.5,0.9998,3.36,0.41,9.1,white
7.3,0.33,0.22,1.4,0.041,40,177,0.99287,3.14,0.48,9.9,white
8,0.29,0.29,13.2,0.046,26,113,0.9983,3.25,0.37,9.7,white
6.9,0.52,0.54,7.9,0.036,23,169,0.99267,3.26,0.47,12.2,white
6.8,0.2,0.36,1.6,0.028,7,46,0.99175,3.21,0.6,10.9,white
7.4,0.35,0.2,13.9,0.054,63,229,0.99888,3.11,0.5,8.9,white
11.5,0.35,0.49,3.3,0.07,10,37,1.0003,3.32,0.91,11,red
6.8,0.19,0.23,5.1,0.034,71,204,0.9942,3.23,0.69,10.1,white
5.8,0.23,0.2,2,0.043,39,154,0.99226,3.21,0.39,10.2,white
7.5,0.4,0.18,1.6,0.079,24,58,0.9965,3.34,0.58,9.4,red
6.4,0.33,0.44,8.9,0.055,52,164,0.99488,3.1,0.48,9.6,white
9,0.45,0.49,2.6,0.084,21,75,0.9987,3.35,0.57,9.7,red
5.9,0.22,0.3,1.3,0.052,42,86,0.99069,3.31,0.47,11.55,white
7.1,0.6,0,1.8,0.074,16,34,0.9972,3.47,0.7,9.9,red
7.7,0.3,0.42,14.3,0.045,45,213,0.9991,3.18,0.63,9.2,white
8,0.59,0.05,2,0.089,12,32,0.99735,3.36,0.61,10,red
8.6,0.36,0.26,11.1,0.03,43.5,171,0.9948,3.03,0.49,12,white
9.1,0.6,0,1.9,0.058,5,10,0.9977,3.18,0.63,10.4,red
7.5,0.38,0.48,2.6,0.073,22,84,0.9972,3.32,0.7,9.6,red
6.7,0.25,0.74,19.4,0.054,44,169,1.0004,3.51,0.45,9.8,white
9.4,0.26,0.53,1.2,0.047,25,109,0.9921,3.23,0.28,12.5,white
7.5,0.19,0.49,1.6,0.047,42,140,0.9932,3.4,0.47,10.7,white
9.6,0.41,0.37,2.3,0.091,10,23,0.99786,3.24,0.56,10.5,red
7.2,0.56,0.26,2,0.083,13,100,0.99586,3.26,0.52,9.9,red
8.8,0.39,0.34,5.9,0.055,33,128,0.9927,2.95,0.51,11.8,white
5.8,0.2,0.3,1.5,0.031,21,57,0.99115,3.44,0.55,11,white
7.8,0.15,0.34,1.1,0.035,31,93,0.99096,3.07,0.72,11.3,white
7.1,0.65,0.18,1.8,0.07,13,40,0.997,3.44,0.6,9.1,red
6.5,0.3,0.32,2,0.044,34,90,0.99185,3.37,0.68,11,white
6.8,0.15,0.41,12.9,0.044,79.5,183,0.99742,3.24,0.78,10.2,white
7.2,0.25,0.28,14.4,0.055,55,205,0.9986,3.12,0.38,9,white
6.7,0.41,0.43,2.8,0.076,22,54,0.99572,3.42,1.16,10.6,red
10.5,0.51,0.64,2.4,0.107,6,15,0.9973,3.09,0.66,11.8,red
9.2,0.41,0.5,2.5,0.055,12,25,0.9952,3.34,0.79,13.3,red
7.2,0.34,0.21,2.5,0.075,41,68,0.99586,3.37,0.54,10.1,red
10.4,0.33,0.63,2.8,0.084,5,22,0.9998,3.26,0.74,11.2,red
8,0.29,0.49,11.7,0.035,40,131,0.9958,3.14,0.34,10.8,white
6.4,0.37,0.19,3.5,0.068,18,101,0.9934,3.03,0.38,9,white
7.5,0.13,0.38,1.1,0.023,42,104,0.99112,3.28,0.53,11.8,white
7.2,0.24,0.27,11.4,0.034,40,174,0.99773,3.2,0.44,9,white
6.9,0.19,0.31,19.25,0.043,38,167,0.99954,2.93,0.52,9.1,white
7,0.35,0.31,1.8,0.069,15,162,0.9944,3.18,0.47,9.4,white
6,0.29,0.27,2.3,0.044,20,117,0.9895,3.31,0.41,12.7,white
8.8,0.685,0.26,1.6,0.088,16,23,0.99694,3.32,0.47,9.4,red
6.4,0.28,0.56,1.7,0.156,49,106,0.99354,3.1,0.37,9.2,white
7.5,0.38,0.56,9.7,0.055,15,170,0.99605,3.13,0.65,9.9,white
5.3,0.6,0.34,1.4,0.031,3,60,0.98854,3.27,0.38,13,white
8.6,0.22,0.36,1.9,0.064,53,77,0.99604,3.47,0.87,11,red
5.3,0.3,0.16,4.2,0.029,37,100,0.9905,3.3,0.36,11.8,white
10,0.32,0.59,2.2,0.077,3,15,0.9994,3.2,0.78,9.6,red
9.6,0.33,0.52,2.2,0.074,13,25,0.99509,3.36,0.76,12.4,red
7.4,0.32,0.22,11.7,0.035,44,150,0.99578,3.1,0.45,10.4,white
5.7,0.695,0.06,6.8,0.042,9,84,0.99432,3.44,0.44,10.2,white
6.7,0.29,0.45,14.3,0.054,30,181,0.99869,3.14,0.57,9.1,white
6.6,0.25,0.36,8.1,0.045,54,180,0.9958,3.08,0.42,9.2,white
9,0.17,0.49,1,0.039,46,131,0.993,3.09,0.51,10.5,white
7.3,0.35,0.24,2,0.067,28,48,0.99576,3.43,0.54,10,red
9.4,0.33,0.59,2.8,0.079,9,30,0.9976,3.12,0.54,12,red
5,0.38,0.01,1.6,0.048,26,60,0.99084,3.7,0.75,14,red
9.5,0.735,0.1,2.1,0.079,6,31,0.9986,3.23,0.56,10.1,red
7,0.2,0.4,1.1,0.058,30,93,0.99322,3.03,0.38,9.2,white
8.8,0.61,0.19,4,0.094,30,69,0.99787,3.22,0.5,10,red
6.7,0.19,0.39,1,0.032,14,71,0.98912,3.31,0.38,13,white
7.3,0.28,0.54,12.9,0.049,62,162.5,0.9984,3.06,0.45,9.1,white
6.8,0.24,0.31,18.3,0.046,40,142,1,3.3,0.41,8.7,white
7.5,0.42,0.32,2.7,0.067,7,25,0.99628,3.24,0.44,10.4,red
6.5,0.43,0.18,13.15,0.032,25,131,0.99565,3.23,0.51,10.7,white
7.5,0.22,0.33,6.7,0.036,45,138,0.9939,3.2,0.68,11.4,white
7.7,0.6,0.06,2,0.079,19,41,0.99697,3.39,0.62,10.1,red
7.1,0.66,0,2.4,0.052,6,11,0.99318,3.35,0.66,12.7,red
6.2,0.3,0.32,1.2,0.052,32,185,0.99266,3.28,0.44,10.1,white
5.7,0.21,0.25,1.1,0.035,26,81,0.9902,3.31,0.52,11.4,white
5.6,0.49,0.13,4.5,0.039,17,116,0.9907,3.42,0.9,13.7,white
10.1,0.43,0.4,2.6,0.092,13,52,0.99834,3.22,0.64,10,red
6.2,0.21,0.38,6.8,0.036,64,245,0.9951,3.06,0.36,9.3,white
12.5,0.46,0.63,2,0.071,6,15,0.9988,2.99,0.87,10.2,red
11.5,0.59,0.59,2.6,0.087,13,49,0.9988,3.18,0.65,11,red
5.9,0.24,0.28,1.3,0.032,36,95,0.98889,3.08,0.64,12.9,white
6.8,0.56,0.22,1.8,0.074,15,24,0.99438,3.4,0.82,11.2,red
7.1,0.21,0.31,3.8,0.021,40,142,0.99215,3.17,0.39,10.8,white
6.7,0.58,0.08,1.8,0.097,15,65,0.9959,3.28,0.54,9.2,red
7.9,0.29,0.49,2.2,0.096,21,59,0.99714,3.31,0.67,10.1,red
7.1,0.67,0,2.3,0.083,18,27,0.99768,3.44,0.54,9.4,red
6.7,0.31,0.42,6.4,0.057,25,148,0.9955,3.16,0.45,9.6,white
9.1,0.22,0.24,2.1,0.078,1,28,0.999,3.41,0.87,10.3,red
6.8,0.24,0.35,6.4,0.048,44,172,0.9944,3.29,0.55,10.5,white
9.4,0.43,0.24,2.8,0.092,14,45,0.998,3.19,0.73,10,red
6,0.31,0.47,3.6,0.067,18,42,0.99549,3.39,0.66,11,red
7,0.21,0.28,8.7,0.045,37,222,0.9954,3.25,0.54,10.4,white
8.5,0.37,0.2,2.8,0.09,18,58,0.998,3.34,0.7,9.6,red
10.7,0.46,0.39,2,0.061,7,15,0.9981,3.18,0.62,9.5,red
6.6,0.61,0,1.6,0.069,4,8,0.99396,3.33,0.37,10.4,red
6.3,0.19,0.29,5.5,0.042,44,189,0.99304,3.19,0.47,10.3,white
7.8,0.6,0.26,2,0.08,31,131,0.99622,3.21,0.52,9.9,red
5.9,0.29,0.28,3.2,0.035,16,117,0.98959,3.26,0.42,12.6,white
7.8,0.31,0.4,1.6,0.027,20,87,0.9911,3.15,0.48,11.9,white
8.8,0.955,0.05,1.8,0.075,5,19,0.99616,3.3,0.44,9.6,red
10.5,0.51,0.64,2.4,0.107,6,15,0.9973,3.09,0.66,11.8,red
9.4,0.24,0.33,2.3,0.061,52,73,0.99786,3.47,0.9,10.2,red
6.6,0.12,0.25,1.4,0.039,21,131,0.99114,3.2,0.45,11.2,white
6.6,0.17,0.35,2.6,0.03,33,78,0.99146,3.22,0.72,11.3,white
7.4,0.32,0.22,1.7,0.051,50,179,0.9955,3.28,0.69,8.9,white
7.4,0.16,0.27,15.5,0.05,25,135,0.9984,2.9,0.43,8.7,white
8,0.25,0.27,9.7,0.036,15,85,0.99406,2.99,0.36,11.2,white
6.7,0.31,0.32,14.5,0.038,6,79,0.99412,3.14,0.34,12.5,white
9.8,0.34,0.39,1.4,0.066,3,7,0.9947,3.19,0.55,11.4,red
10,0.43,0.33,2.7,0.095,28,89,0.9984,3.22,0.68,10,red
6.5,0.2,0.33,1.5,0.039,36,110,0.99008,3.22,0.65,12,white
7.4,0.18,0.36,13.1,0.056,72,163,1,3.42,0.35,9.1,white
7,0.3,0.27,1.5,0.076,24,145,0.99344,3.1,0.52,10.1,white
8.2,0.22,0.49,9.6,0.037,53,154,0.9951,3.02,0.33,10.6,white
7.1,0.72,0,1.8,0.123,6,14,0.99627,3.45,0.58,9.8,red
7.8,0.42,0.26,9.2,0.058,34,199,0.9972,3.14,0.55,9.3,white
7.9,0.2,0.49,1.6,0.053,15,144,0.993,3.16,0.47,10.5,white
8.4,0.745,0.11,1.9,0.09,16,63,0.9965,3.19,0.82,9.6,red
8.7,0.54,0.26,2.5,0.097,7,31,0.9976,3.27,0.6,9.3,red
8.7,0.625,0.16,2,0.101,13,49,0.9962,3.14,0.57,11,red
9.1,0.29,0.33,2.05,0.063,13,27,0.99516,3.26,0.84,11.7,red
7,0.69,0.07,2.5,0.091,15,21,0.99572,3.38,0.6,11.3,red
7.1,0.28,0.49,6.5,0.041,28,111,0.9926,3.41,0.58,12.2,white
5.3,0.31,0.38,10.5,0.031,53,140,0.99321,3.34,0.46,11.7,white
7.7,0.43,0.25,2.6,0.073,29,63,0.99615,3.37,0.58,10.5,red
7,0.28,0.32,7.75,0.032,30,114,0.99158,3.12,0.64,12.8,white
7.2,0.34,0.44,4.2,0.047,51,144,0.991,3.01,0.76,12.3,white
8.4,0.56,0.08,2.1,0.105,16,44,0.9958,3.13,0.52,11,red
6.5,0.35,0.38,7.4,0.036,20,196,0.99712,3.47,0.48,9.1,white
7.3,0.19,0.27,13.9,0.057,45,155,0.99807,2.94,0.41,8.8,white
8.5,0.46,0.59,1.4,0.414,16,45,0.99702,3.03,1.34,9.2,red
7.4,0.38,0.34,8.3,0.052,44,168,0.99627,3.11,0.52,9.2,white
9.8,0.37,0.39,2.5,0.079,28,65,0.99729,3.16,0.59,9.8,red
8.2,0.51,0.24,2,0.079,16,86,0.99764,3.34,0.64,9.5,red
6.7,0.31,0.09,1.4,0.039,53,141,0.99206,3.12,0.44,10.1,white
7.1,0.69,0.08,2.1,0.063,42,52,0.99608,3.42,0.6,10.2,red
6,0.49,0,2.3,0.068,15,33,0.99292,3.58,0.59,12.5,red
4.9,0.345,0.34,1,0.068,32,143,0.99138,3.24,0.4,10.1,white
10.3,0.44,0.5,4.5,0.107,5,13,0.998,3.28,0.83,11.5,red
7.1,0.43,0.61,11.8,0.045,54,155,0.9974,3.11,0.45,8.7,white
9.9,0.57,0.25,2,0.104,12,89,0.9963,3.04,0.9,10.1,red
8.9,0.31,0.57,2,0.111,26,85,0.9971,3.26,0.53,9.7,red
9.4,0.5,0.34,3.6,0.082,5,14,0.9987,3.29,0.52,10.7,red
5.2,0.155,0.33,1.6,0.028,13,59,0.98975,3.3,0.84,11.9,white
7.4,0.47,0.46,2.2,0.114,7,20,0.99647,3.32,0.63,10.5,red
6.5,0.35,0.31,10.2,0.069,58,170,0.99692,3.18,0.49,9.4,white
7.8,0.27,0.28,1.8,0.05,21,127,0.9934,3.15,0.44,9.9,white
9.9,0.5,0.5,13.8,0.205,48,82,1.00242,3.16,0.75,8.8,red
7.1,0.22,0.49,1.8,0.039,8,18,0.99344,3.39,0.56,12.4,red
6.6,0.5,0.26,11.3,0.029,32,110,0.99302,3.27,0.78,12.9,white
7.1,0.25,0.32,10.3,0.041,66,272,0.9969,3.17,0.52,9.1,white
6.4,0.63,0.21,1.6,0.08,12,32,0.99689,3.58,0.66,9.8,red
8.5,0.34,0.4,4.7,0.055,3,9,0.99738,3.38,0.66,11.6,red
6,0.5,0.04,2.2,0.092,13,26,0.99647,3.46,0.47,10,red
13.3,0.43,0.58,1.9,0.07,15,40,1.0004,3.06,0.49,9,red
7.1,0.34,0.31,5.2,0.032,36,140,0.99166,3.35,0.47,12.3,white
6.9,0.25,0.26,5.2,0.024,36,135,0.9948,3.16,0.72,10.7,white
7.7,0.28,0.33,6.7,0.037,32,155,0.9951,3.39,0.62,10.7,white
7.5,0.53,0.06,2.6,0.086,20,44,0.9965,3.38,0.59,10.7,red
6.9,0.4,0.56,11.2,0.043,40,142,0.9975,3.14,0.46,8.7,white
7.2,0.15,0.39,1.8,0.043,21,159,0.9948,3.52,0.47,10,white
6.5,0.26,0.24,10.8,0.042,47,130,0.996,3.08,0.4,10.1,white
9.1,0.66,0.15,3.2,0.097,9,59,0.99976,3.28,0.54,9.6,red
8.3,0.26,0.42,2,0.08,11,27,0.9974,3.21,0.8,9.4,red
7.6,0.43,0.4,2.7,0.082,6,11,0.99538,3.44,0.54,12.2,red
5.7,0.4,0.35,5.1,0.026,17,113,0.99052,3.18,0.67,12.4,white
7.2,0.38,0.3,1.8,0.073,31,70,0.99685,3.42,0.59,9.5,red
9.1,0.25,0.34,2,0.071,45,67,0.99769,3.44,0.86,10.2,red
9,0.785,0.24,1.7,0.078,10,21,0.99692,3.29,0.67,10,red
6.8,0.775,0,3,0.102,8,23,0.9965,3.45,0.56,10.7,red
6.6,0.39,0.39,11.9,0.057,51,221,0.99851,3.26,0.51,8.9,white
7.3,0.21,0.29,1.6,0.034,29,118,0.9917,3.3,0.5,11,white
7.5,0.21,0.34,1.2,0.06,26,111,0.9931,3.51,0.47,10.7,white
6.5,0.4,0.1,2,0.076,30,47,0.99554,3.36,0.48,9.4,red
8.9,0.31,0.36,2.6,0.056,10,39,0.99562,3.4,0.69,11.8,red
13.2,0.38,0.55,2.7,0.081,5,16,1.0006,2.98,0.54,9.4,red
6.5,0.41,0.24,14,0.048,24,113,0.9982,3.44,0.53,9.8,white
9.9,0.59,0.07,3.4,0.102,32,71,1.00015,3.31,0.71,9.8,red
7.6,0.19,0.42,1.5,0.044,6,114,0.9914,3.04,0.74,12.8,white
8.3,0.28,0.27,17.5,0.045,48,253,1.00014,3.02,0.56,9.1,white
6.4,0.34,0.2,14.9,0.06,37,162,0.9983,3.13,0.45,9,white
7.8,0.5,0.09,2.2,0.115,10,42,0.9971,3.18,0.62,9.5,red
6.9,0.5,0.04,1.5,0.085,19,49,0.9958,3.35,0.78,9.5,red
6.7,0.26,0.49,8.1,0.052,48,197,0.99558,3.19,0.48,9.5,white
6.8,0.25,0.18,1.4,0.056,13,137,0.9935,3.11,0.42,9.5,white
7.7,0.54,0.26,1.9,0.089,23,147,0.99636,3.26,0.59,9.7,red
8.4,0.745,0.11,1.9,0.09,16,63,0.9965,3.19,0.82,9.6,red
6.5,0.26,0.31,3.6,0.03,36,92,0.99026,3.22,0.62,12.6,white
7.8,0.27,0.58,11.2,0.036,44,161,0.9977,3.06,0.41,8.9,white
8.1,0.82,0,4.1,0.095,5,14,0.99854,3.36,0.53,9.6,red
5.5,0.29,0.3,1.1,0.022,20,110,0.98869,3.34,0.38,12.8,white
6.3,0.34,0.27,2.5,0.024,40,152,0.99095,3.35,0.6,11.9,white
7.8,0.34,0.37,2,0.082,24,58,0.9964,3.34,0.59,9.4,red
6.6,0.44,0.09,2.2,0.063,9,18,0.99444,3.42,0.69,11.3,red
5.8,0.58,0,1.5,0.02,33,96,0.98918,3.29,0.38,12.4,white
6.2,0.43,0.49,6.4,0.045,12,115,0.9963,3.27,0.57,9,white
6.8,0.24,0.33,3.2,0.049,68,161,0.99324,3.1,0.69,10.2,white
6.8,0.16,0.29,10.4,0.046,59,143,0.99518,3.2,0.4,10.8,white
11.5,0.54,0.71,4.4,0.124,6,15,0.9984,3.01,0.83,11.8,red
8.7,0.63,0.28,2.7,0.096,17,69,0.99734,3.26,0.63,10.2,red
6.8,0.31,0.3,8,0.028,33,122,0.99164,3.13,0.63,12.6,white
8.2,0.37,0.36,1,0.034,17,93,0.9906,3.04,0.32,11.7,white
6,0.2,0.32,3,0.031,26,118,0.99134,3.38,0.68,11.2,white
6.8,0.32,0.18,7.5,0.041,71,223,0.9959,3.14,0.41,8.9,white
7.2,0.22,0.28,7.2,0.06,41,132,0.9935,3.08,0.59,11.3,white
9.1,0.765,0.04,1.6,0.078,4,14,0.998,3.29,0.54,9.7,red
7.3,0.41,0.24,6.8,0.057,41,163,0.9949,3.2,0.41,9.9,white
7.6,0.2,0.34,1.8,0.041,42,148,0.99335,3.35,0.66,11.1,white
10.4,0.575,0.61,2.6,0.076,11,24,1,3.16,0.69,9,red
7.4,0.55,0.19,1.8,0.082,15,34,0.99655,3.49,0.68,10.5,red
6.3,0.34,0.31,6,0.02,18,68,0.98981,3.22,0.29,13.4,white
8.3,0.28,0.4,7.8,0.041,38,194,0.9976,3.34,0.51,9.6,white
7.9,0.19,0.42,1.6,0.057,18,30,0.994,3.29,0.69,11.2,red
7.3,0.91,0.1,1.8,0.074,20,56,0.99672,3.35,0.56,9.2,red
6.8,0.22,0.26,1.2,0.041,29,182,0.99104,3.04,0.35,11.2,white
6.4,0.32,0.35,4.8,0.03,34,101,0.9912,3.36,0.6,12.5,white
6.1,0.32,0.25,2.3,0.071,23,58,0.99633,3.42,0.97,10.6,red
7.4,0.24,0.4,4.3,0.032,9,95,0.992,3.09,0.39,11.1,white
6.6,0.31,0.38,16.05,0.058,16,165,0.9997,3.38,0.6,9.2,white
6.8,0.64,0,2.7,0.123,15,33,0.99538,3.44,0.63,11.3,red
8.5,0.21,0.26,9.25,0.034,73,142,0.9945,3.05,0.37,11.4,white
7.3,0.18,0.29,1.2,0.044,12,143,0.9918,3.2,0.48,11.3,white
6.6,0.25,0.29,1.1,0.068,39,124,0.9914,3.34,0.58,11,white
8,0.705,0.05,1.9,0.074,8,19,0.9962,3.34,0.95,10.5,red
7.4,0.19,0.31,14.5,0.045,39,193,0.9986,3.1,0.5,9.2,white
6.4,0.33,0.24,9.8,0.041,29,109,0.9956,3.29,0.47,10.1,white
7.6,0.29,0.58,17.5,0.041,51,225,0.9997,3.16,0.66,9.5,white
8.8,0.44,0.49,2.8,0.083,18,111,0.9982,3.3,0.6,9.5,red
8.1,0.27,0.35,1.7,0.03,38,103,0.99255,3.22,0.63,10.4,white
5.9,0.21,0.31,1.8,0.033,45,142,0.98984,3.35,0.5,12.7,white
8.2,0.4,0.44,2.8,0.089,11,43,0.9975,3.53,0.61,10.5,red
6.8,0.61,0.04,1.5,0.057,5,10,0.99525,3.42,0.6,9.5,red
6.6,0.28,0.09,10.9,0.051,37,131,0.99566,2.93,0.62,9.5,white
6.4,0.22,0.32,7.9,0.029,34,124,0.9948,3.4,0.39,10.2,white
7.4,0.31,0.48,14.2,0.042,62,204,0.9983,3.06,0.59,9.4,white
7,0.2,0.49,5.9,0.038,39,128,0.9938,3.21,0.48,10.8,white
11.9,0.43,0.66,3.1,0.109,10,23,1,3.15,0.85,10.4,red
6.6,0.17,0.28,1.1,0.034,55,108,0.98939,3,0.52,11.9,white
5.9,0.22,0.45,22.6,0.12,55,122,0.99636,3.1,0.35,12.8,white
5.9,0.395,0.13,2.4,0.056,14,28,0.99362,3.62,0.67,12.4,red
7.2,0.23,0.19,13.7,0.052,47,197,0.99865,3.12,0.53,9,white
7.3,0.49,0.1,2.6,0.068,4,14,0.99562,3.3,0.47,10.5,red
5.6,0.185,0.49,1.1,0.03,28,117,0.9918,3.55,0.45,10.3,white
8.2,0.635,0.1,2.1,0.073,25,60,0.99638,3.29,0.75,10.9,red
7.8,0.3,0.37,1.3,0.051,16,96,0.9941,3.32,0.62,10,white
6.3,0.3,0.48,1.8,0.069,18,61,0.9959,3.44,0.78,10.3,red
6.7,0.76,0.02,1.8,0.078,6,12,0.996,3.55,0.63,9.95,red
7.7,0.29,0.29,4.8,0.06,27,156,0.99572,3.49,0.59,10.3,white
6.4,0.79,0.04,2.2,0.061,11,17,0.99588,3.53,0.65,10.4,red
6.4,0.21,0.21,5.1,0.097,21,105,0.9939,3.07,0.46,9.6,white
8.1,0.2,0.49,11.8,0.048,46,212,0.9968,3.09,0.46,10,white
6,0.26,0.24,1.3,0.053,66,150,0.9924,3.21,0.62,10.4,white
6.5,0.25,0.5,7.6,0.047,54,184,0.99572,3.17,0.45,9.2,white
7.6,0.31,0.23,12.7,0.054,20,139,0.99836,3.16,0.5,9.7,white
5.1,0.47,0.02,1.3,0.034,18,44,0.9921,3.9,0.62,12.8,red
7.4,0.41,0.24,1.8,0.066,18,47,0.9956,3.37,0.62,10.4,red
7.8,0.28,0.34,1.6,0.028,32,118,0.9901,3,0.38,12.1,white
5.8,0.25,0.28,11.1,0.056,45,175,0.99755,3.42,0.43,9.5,white
5.8,0.27,0.27,12.3,0.045,55,170,0.9972,3.28,0.42,9.3,white
7.5,0.4,0.12,3,0.092,29,53,0.9967,3.37,0.7,10.3,red
8.9,0.595,0.41,7.9,0.086,30,109,0.9998,3.27,0.57,9.3,red
6.8,0.63,0.07,2.1,0.089,11,44,0.9953,3.47,0.55,10.4,red
7,0.5,0.14,1.8,0.078,10,23,0.99636,3.53,0.61,10.4,red
5.8,0.15,0.49,1.1,0.048,21,98,0.9929,3.19,0.48,9.2,white
9.1,0.21,0.37,1.6,0.067,6,10,0.99552,3.23,0.58,11.1,red
6.8,0.26,0.48,6.2,0.049,55,182,0.99582,3.21,0.45,9.4,white
6.2,0.2,0.26,1.7,0.093,40,161,0.9924,3.44,0.66,11,white
7,0.36,0.25,5.7,0.015,14,73,0.98963,2.82,0.59,13.2,white
8,0.67,0.3,2,0.06,38,62,0.9958,3.26,0.56,10.2,red
7.1,0.18,0.74,15.6,0.044,44,176,0.9996,3.38,0.67,9,white
8,0.59,0.16,1.8,0.065,3,16,0.9962,3.42,0.92,10.5,red
12.5,0.46,0.49,4.5,0.07,26,49,0.9981,3.05,0.57,9.6,red
6.8,0.21,0.36,18.1,0.046,32,133,1,3.27,0.48,8.8,white
6.9,0.16,0.3,9.6,0.057,50,185,0.9978,3.39,0.38,9.6,white
7.4,0.29,0.5,1.8,0.042,35,127,0.9937,3.45,0.5,10.2,white
8.9,0.84,0.34,1.4,0.05,4,10,0.99554,3.12,0.48,9.1,red
5.6,0.35,0.37,1,0.038,6,72,0.9902,3.37,0.34,11.4,white
5.6,0.695,0.06,6.8,0.042,9,84,0.99432,3.44,0.44,10.2,white
5.7,0.23,0.25,7.95,0.042,16,108,0.99486,3.44,0.61,10.3,white
7.3,0.28,0.36,12.7,0.04,38,140,0.998,3.3,0.79,9.6,white
7.4,0.23,0.43,1.4,0.044,22,113,0.9938,3.22,0.62,10.6,white
7.2,0.54,0.27,2.6,0.084,12,78,0.9964,3.39,0.71,11,red
7.4,0.7,0,1.9,0.076,11,34,0.9978,3.51,0.56,9.4,red
8.1,1.33,0,1.8,0.082,3,12,0.9964,3.54,0.48,10.9,red
8.2,1,0.09,2.3,0.065,7,37,0.99685,3.32,0.55,9,red
10.2,0.23,0.37,2.2,0.057,14,36,0.99614,3.23,0.49,9.3,red
6.7,0.24,0.32,9,0.023,20,109,0.99262,3.34,0.35,12.6,white
8.2,0.44,0.24,2.3,0.063,10,28,0.99613,3.25,0.53,10.2,red
8.5,0.16,0.33,1,0.076,17,57,0.9921,3.14,0.46,10.6,white
7.1,0.62,0.06,1.3,0.07,5,12,0.9942,3.17,0.48,9.8,red
6.7,0.35,0.32,9,0.032,29,113,0.99188,3.13,0.65,12.9,white
7.7,1.005,0.15,2.1,0.102,11,32,0.99604,3.23,0.48,10,red
6.8,0.32,0.37,3.4,0.023,19,87,0.9902,3.14,0.53,12.7,white
7.2,0.38,0.38,2.8,0.068,23,42,0.99356,3.34,0.72,12.9,red
7.2,0.62,0.06,2.7,0.077,15,85,0.99746,3.51,0.54,9.5,red
7.1,0.22,0.32,16.9,0.056,49,158,0.9998,3.37,0.38,9.6,white
6.9,0.27,0.4,14,0.05,64,227,0.9979,3.18,0.58,9.6,white
11.2,0.5,0.74,5.15,0.1,5,17,0.9996,3.22,0.62,11.2,red
9,0.58,0.25,2.8,0.075,9,104,0.99779,3.23,0.57,9.7,red
7.4,0.39,0.23,7,0.033,29,126,0.994,3.14,0.42,10.5,white
7.4,0.27,0.26,11.8,0.053,55,173,0.99699,3.11,0.6,9.8,white
7.9,0.3,0.6,1.85,0.048,13,106,0.99331,3.24,0.49,11.85,white
7.3,0.66,0,2,0.084,6,23,0.9983,3.61,0.96,9.9,red
6.3,0.22,0.57,1.4,0.208,14,96,0.9932,3.16,0.43,10,white
8.8,0.19,0.3,5,0.028,34,120,0.99242,2.94,0.47,11.2,white
7.2,0.19,0.31,6.3,0.034,17,103,0.99305,3.15,0.52,11.4,white
6.2,0.6,0.08,2,0.09,32,44,0.9949,3.45,0.58,10.5,red
6.5,0.34,0.27,2.8,0.067,8,44,0.99384,3.21,0.56,12,red
6.9,0.63,0.02,1.9,0.078,18,30,0.99712,3.4,0.75,9.8,red
12.7,0.59,0.45,2.3,0.082,11,22,1,3,0.7,9.3,red
7.4,0.26,0.32,3.7,0.032,29,193,0.99134,3.1,0.67,12.5,white
5.9,0.62,0.28,3.5,0.039,55,152,0.9907,3.44,0.44,12,white
7.4,0.16,0.3,13.7,0.056,33,168,0.99825,2.9,0.44,8.7,white
8.2,0.73,0.21,1.7,0.074,5,13,0.9968,3.2,0.52,9.5,red
8.5,0.34,0.44,1.7,0.079,6,12,0.99605,3.52,0.63,10.7,red
11.6,0.47,0.44,1.6,0.147,36,51,0.99836,3.38,0.86,9.9,red
7.1,0.12,0.32,9.6,0.054,64,162,0.9962,3.4,0.41,9.4,white
7.2,0.35,0.26,1.8,0.083,33,75,0.9968,3.4,0.58,9.5,red
6.2,0.43,0.22,1.8,0.078,21,56,0.99633,3.52,0.6,9.5,red
8.2,0.39,0.49,2.3,0.099,47,133,0.9979,3.38,0.99,9.8,red
5.6,0.42,0.34,2.4,0.022,34,97,0.98915,3.22,0.38,12.8,white
7.2,0.695,0.13,2,0.076,12,20,0.99546,3.29,0.54,10.1,red
7,0.3,0.28,2.2,0.042,21,177,0.99166,3.2,0.57,11.4,white
7.7,0.39,0.28,4.9,0.035,36,109,0.9918,3.19,0.58,12.2,white
5.8,0.36,0.32,1.7,0.033,22,96,0.9898,3.03,0.38,11.2,white
7,0.25,0.33,2.1,0.021,17,76,0.99021,3.26,0.45,12.3,white
7,0.58,0.28,4.8,0.085,12,69,0.99633,3.32,0.7,11,red
9,0.82,0.05,2.4,0.081,26,96,0.99814,3.36,0.53,10,red
7.6,0.36,0.31,1.7,0.079,26,65,0.99716,3.46,0.62,9.5,red
6.4,0.14,0.31,1.2,0.034,53,138,0.99084,3.38,0.35,11.5,white
8.4,0.31,0.29,3.1,0.194,14,26,0.99536,3.22,0.78,12,red
8.3,0.22,0.38,14.8,0.054,32,126,1.0002,3.22,0.5,9.7,white
8.9,0.61,0.49,2,0.27,23,110,0.9972,3.12,1.02,9.3,red
8.3,0.715,0.15,1.8,0.089,10,52,0.9968,3.23,0.77,9.5,red
5.9,0.26,0.4,1.3,0.047,12,139,0.9945,3.45,0.53,10.4,white
6.2,0.57,0.1,2.1,0.048,4,11,0.99448,3.44,0.76,10.8,red
7.1,0.47,0.29,14.8,0.024,22,142,0.99518,3.12,0.48,12,white
7.2,0.37,0.4,11.6,0.032,34,214,0.9963,3.1,0.51,9.8,white
9.8,0.25,0.49,2.7,0.088,15,33,0.9982,3.42,0.9,10,red
11.5,0.18,0.51,4,0.104,4,23,0.9996,3.28,0.97,10.1,red
7.3,0.26,0.53,12.7,0.047,60.5,156,0.9984,3.06,0.45,9.1,white
10.4,0.26,0.48,1.9,0.066,6,10,0.99724,3.33,0.87,10.9,red
6.9,0.74,0.03,2.3,0.054,7,16,0.99508,3.45,0.63,11.5,red
5.4,0.22,0.29,1.2,0.045,69,152,0.99178,3.76,0.63,11,white
10.5,0.24,0.47,2.1,0.066,6,24,0.9978,3.15,0.9,11,red
6.5,0.36,0.31,13.55,0.053,20,113,0.99544,3.2,0.56,11,white
7.5,0.52,0.11,1.5,0.079,11,39,0.9968,3.42,0.58,9.6,red
6.5,0.25,0.27,17.4,0.064,29,140,0.99776,3.2,0.49,10.1,white
7.6,0.35,0.46,14.7,0.047,33,151,0.99709,3.03,0.53,10.3,white
7.1,0.75,0.01,2.2,0.059,11,18,0.99242,3.39,0.4,12.8,red
6.7,0.42,0.39,12.1,0.04,61,248,0.99794,3.31,0.58,9.7,white
6.4,0.31,0.28,2.5,0.039,34,137,0.98946,3.22,0.38,12.7,white
6.5,0.35,0.36,0.8,0.034,32,111,0.98942,3.11,0.5,12.1,white
7,0.22,0.26,2.8,0.036,44,132,0.99078,3.34,0.41,12,white
7.3,0.4,0.24,6.7,0.058,41,166,0.995,3.2,0.41,9.9,white
7.5,0.22,0.29,4.8,0.05,33,87,0.994,3.14,0.42,9.9,white
6,0.28,0.29,19.3,0.051,36,174,0.99911,3.14,0.5,9,white
6.4,0.57,0.02,1.8,0.067,4,11,0.997,3.46,0.68,9.5,red
6.6,0.22,0.28,4.9,0.042,51,180,0.9952,3.3,0.75,9.5,white
10.7,0.52,0.38,2.6,0.066,29,56,0.99577,3.15,0.79,12.1,red
7.2,0.37,0.32,2,0.062,15,28,0.9947,3.23,0.73,11.3,red
11.9,0.695,0.53,3.4,0.128,7,21,0.9992,3.17,0.84,12.2,red
11.5,0.18,0.51,4,0.104,4,23,0.9996,3.28,0.97,10.1,red
10.1,0.27,0.54,2.3,0.065,7,26,0.99531,3.17,0.53,12.5,red
10.9,0.53,0.49,4.6,0.118,10,17,1.0002,3.07,0.56,11.7,red
6.9,0.74,0.03,2.3,0.054,7,16,0.99508,3.45,0.63,11.5,red
6.3,0.27,0.23,2.9,0.047,13,100,0.9936,3.28,0.43,9.8,white
6.5,0.43,0.28,11.25,0.032,31,87,0.9922,3.02,0.38,12.4,white
8.4,0.56,0.04,2,0.082,10,22,0.9976,3.22,0.44,9.6,red
5.8,0.3,0.12,1.6,0.036,57,163,0.99239,3.38,0.59,10.5,white
6.2,0.39,0.43,2,0.071,14,24,0.99428,3.45,0.87,11.2,red
6.6,0.54,0.21,16.3,0.055,41,182,0.9986,3.35,0.54,10.4,white
9.8,0.45,0.38,2.5,0.081,34,66,0.99726,3.15,0.58,9.8,red
6.5,0.18,0.33,8,0.051,16,131,0.9965,3.28,0.44,8.7,white
6.4,0.25,0.33,1.4,0.04,42,115,0.9906,3.19,0.48,11.3,white
5.3,0.58,0.07,6.9,0.043,34,149,0.9944,3.34,0.57,9.7,white
7.5,0.34,0.24,3.85,0.031,5,34,0.99098,3.01,0.36,11.8,white
7.5,0.57,0.02,2.6,0.077,11,35,0.99557,3.36,0.62,10.8,red
8.8,0.23,0.35,10.7,0.04,26,183,0.9984,2.93,0.49,9.1,white
6.6,0.725,0.09,5.5,0.117,9,17,0.99655,3.35,0.49,10.8,red
6.6,0.64,0.31,6.1,0.083,7,49,0.99718,3.35,0.68,10.3,red
7.1,0.59,0,2.2,0.078,26,44,0.99522,3.42,0.68,10.8,red
5.4,0.835,0.08,1.2,0.046,13,93,0.9924,3.57,0.85,13,red
5.6,0.295,0.2,2.2,0.049,18,134,0.99378,3.21,0.68,10,white
7,0.51,0.09,2.1,0.062,4,9,0.99584,3.35,0.54,10.5,red
7.3,0.45,0.36,5.9,0.074,12,87,0.9978,3.33,0.83,10.5,red
4.8,0.21,0.21,10.2,0.037,17,112,0.99324,3.66,0.48,12.2,white
7.3,0.32,0.48,13.3,0.06,57,196,0.9982,3.04,0.5,9.2,white
5.4,0.58,0.08,1.9,0.059,20,31,0.99484,3.5,0.64,10.2,red
7.4,0.24,0.26,1.6,0.058,53,150,0.9936,3.18,0.5,9.9,white
7.8,0.59,0.33,2,0.074,24,120,0.9968,3.25,0.54,9.4,red
6.8,0.28,0.17,13.9,0.047,49,162,0.9983,3.21,0.51,9,white
7.8,0.48,0.68,1.7,0.415,14,32,0.99656,3.09,1.06,9.1,red
8.1,0.73,0,2.5,0.081,12,24,0.99798,3.38,0.46,9.6,red
7.7,0.67,0.23,2.1,0.088,17,96,0.9962,3.32,0.48,9.5,red
7.2,0.585,0.2,10.4,0.086,17,94,0.99681,3.13,0.4,9.4,white
12,0.5,0.59,1.4,0.073,23,42,0.998,2.92,0.68,10.5,red
6.5,0.46,0.14,2.4,0.114,9,37,0.99732,3.66,0.65,9.8,red
6.5,0.53,0.06,2,0.063,29,44,0.99489,3.38,0.83,10.3,red
8.8,0.64,0.17,2.9,0.084,25,130,0.99818,3.23,0.54,9.6,red
10,0.29,0.4,2.9,0.098,10,26,1.0006,3.48,0.91,9.7,red
7.4,0.64,0.17,5.4,0.168,52,98,0.99736,3.28,0.5,9.5,red
7.9,0.53,0.24,2,0.072,15,105,0.996,3.27,0.54,9.4,red
7.8,0.545,0.12,2.5,0.068,11,35,0.996,3.34,0.61,11.6,red
6.8,0.21,0.36,18.1,0.046,32,133,1,3.27,0.48,8.8,white
6,0.16,0.22,1.6,0.042,36,106,0.9905,3.24,0.32,11.4,white
6.6,0.5,0,1.8,0.062,21,28,0.99352,3.44,0.55,12.3,red
6.8,0.23,0.32,8.6,0.046,47,159,0.99452,3.08,0.52,10.5,white
6.5,0.23,0.45,2.1,0.027,43,104,0.99054,3.02,0.52,11.3,white
6.6,0.31,0.37,6.2,0.052,13,164,0.99602,3.24,0.39,8.8,white
12.5,0.6,0.49,4.3,0.1,5,14,1.001,3.25,0.74,11.9,red
8.2,0.15,0.48,2.7,0.052,24,190,0.995,3.5,0.45,10.9,white
7,0.29,0.33,0.9,0.041,20,117,0.99048,3.21,0.5,11.4,white
8.1,0.66,0.7,2.2,0.098,25,129,0.9972,3.08,0.53,9,red
8.7,0.23,0.32,13.4,0.044,35,169,0.99975,3.12,0.47,8.8,white
6.4,0.29,0.24,3.2,0.037,31,95,0.98942,2.9,0.66,12.6,white
6.1,0.38,0.15,1.8,0.072,6,19,0.9955,3.42,0.57,9.4,red
7.1,0.715,0,2.35,0.071,21,47,0.99632,3.29,0.45,9.4,red
9.3,0.41,0.39,2.2,0.064,12,31,0.9984,3.26,0.65,10.2,red
5.6,0.31,0.78,13.9,0.074,23,92,0.99677,3.39,0.48,10.5,red
7.1,0.47,0,2.2,0.067,7,14,0.99517,3.4,0.58,10.9,red
6.9,0.54,0.04,3,0.077,7,27,0.9987,3.69,0.91,9.4,red
7,0.27,0.36,20.7,0.045,45,170,1.001,3,0.45,8.8,white
6.3,0.26,0.25,7.8,0.058,44,166,0.9961,3.24,0.41,9,white
8.1,0.3,0.49,12.3,0.049,50,144,0.9971,3.09,0.57,10.2,white
10.4,0.24,0.49,1.8,0.075,6,20,0.9977,3.18,1.06,11,red
6.8,0.33,0.44,7,0.05,29,155,0.9955,3.14,0.42,9.5,white
6.2,0.28,0.41,5,0.043,50,188,0.99318,3.23,0.64,10.8,white
9.8,0.88,0.25,2.5,0.104,35,155,1.001,3.41,0.67,11.2,red
7.4,0.61,0.01,2,0.074,13,38,0.99748,3.48,0.65,9.8,red
8.3,0.54,0.24,3.4,0.076,16,112,0.9976,3.27,0.61,9.4,red
6.8,0.34,0.1,1.4,0.049,29,118,0.9936,3.21,0.41,9.5,white
7,0.22,0.31,2.7,0.03,41,136,0.9898,3.16,0.37,12.7,white
7.9,0.16,0.3,7.4,0.05,58,152,0.99612,3.12,0.37,9.5,white
6.8,0.27,0.28,13.3,0.076,50,163,0.9979,3.03,0.38,8.6,white
5.8,0.3,0.27,1.7,0.014,45,104,0.98914,3.4,0.56,12.6,white
6.6,0.855,0.02,2.4,0.062,15,23,0.99627,3.54,0.6,11,red
6,0.27,0.27,1.6,0.046,32,113,0.9924,3.41,0.51,10.5,white
6.6,0.17,0.38,1.5,0.032,28,112,0.9914,3.25,0.55,11.4,white
8.2,0.78,0,2.2,0.089,13,26,0.9978,3.37,0.46,9.6,red
6.8,0.32,0.32,8.7,0.029,31,105,0.99146,3,0.34,12.3,white
5.2,0.6,0.07,7,0.044,33,147,0.9944,3.33,0.58,9.7,white
6.2,0.26,0.2,8,0.047,35,111,0.99445,3.11,0.42,10.4,white
7.4,0.13,0.39,4.7,0.042,36,137,0.995,3.36,0.56,10.3,white
8.5,0.18,0.3,1.1,0.028,34,95,0.99272,2.83,0.36,10,white
6.9,0.28,0.28,12.2,0.042,52,139,0.99522,3.03,0.56,10.4,white
6.8,0.19,0.4,9.85,0.055,41,103,0.99532,2.98,0.56,10.5,white
6.4,0.31,0.28,1.5,0.037,12,119,0.9919,3.32,0.51,10.4,white
7.3,1.07,0.09,1.7,0.178,10,89,0.9962,3.3,0.57,9,red
6.8,0.65,0.02,2.1,0.078,8,15,0.99498,3.35,0.62,10.4,red
8.1,0.28,0.34,1.3,0.035,11,126,0.99232,3.14,0.5,9.8,white
7.2,0.39,0.62,11,0.047,66,178,0.9976,3.16,0.5,8.7,white
11.6,0.42,0.53,3.3,0.105,33,98,1.001,3.2,0.95,9.2,red
7.9,0.66,0,1.4,0.096,6,13,0.99569,3.43,0.58,9.5,red
7.8,0.3,0.36,4.6,0.024,20,198,0.99222,3.06,0.66,11.9,white
7.6,0.13,0.34,9.3,0.062,40,126,0.9966,3.21,0.39,9.6,white
7.3,0.365,0.49,2.5,0.088,39,106,0.9966,3.36,0.78,11,red
7.3,0.18,0.65,1.4,0.046,28,157,0.9946,3.33,0.62,9.4,white
8.7,0.69,0,3.2,0.084,13,33,0.9992,3.36,0.45,9.4,red
7.7,0.28,0.24,2.4,0.044,29,157,0.99312,3.27,0.56,10.6,white
7.8,0.53,0.04,1.7,0.076,17,31,0.9964,3.33,0.56,10,red
9.2,0.36,0.34,1.6,0.062,5,12,0.99667,3.2,0.67,10.5,red
8.1,0.67,0.55,1.8,0.117,32,141,0.9968,3.17,0.62,9.4,red
6.3,0.39,0.08,1.7,0.066,3,20,0.9954,3.34,0.58,9.4,red
6.2,0.35,0.03,1.2,0.064,29,120,0.9934,3.22,0.54,9.1,white
7.5,0.15,0.38,1.8,0.054,19,101,0.9946,3.24,0.44,10,white
11.6,0.58,0.66,2.2,0.074,10,47,1.0008,3.25,0.57,9,red
7.1,0.6,0.01,2.3,0.079,24,37,0.99514,3.4,0.61,10.9,red
9,0.38,0.41,2.4,0.103,6,10,0.99604,3.13,0.58,11.9,red
12,0.39,0.66,3,0.093,12,30,0.9996,3.18,0.63,10.8,red
6.4,0.33,0.44,8.9,0.055,52,164,0.99488,3.1,0.48,9.6,white
6.9,0.24,0.33,4.8,0.04,16,131,0.9936,3.26,0.64,10.7,white
9.6,0.6,0.5,2.3,0.079,28,71,0.9997,3.5,0.57,9.7,red
9.6,0.23,0.4,1.5,0.044,19,135,0.9937,2.96,0.49,10.9,white
7.5,0.58,0.03,4.1,0.08,27,46,0.99592,3.02,0.47,9.2,red
8.1,0.575,0.22,2.1,0.077,12,65,0.9967,3.29,0.51,9.2,red
11.6,0.41,0.58,2.8,0.096,25,101,1.00024,3.13,0.53,10,red
7.9,0.3,0.68,8.3,0.05,37.5,278,0.99316,3.01,0.51,12.3,red
7.3,0.23,0.41,14.6,0.048,73,223,0.99863,3.16,0.71,9.4,white
6.7,0.56,0.09,2.9,0.079,7,22,0.99669,3.46,0.61,10.2,red
6.7,0.29,0.45,14.3,0.054,30,181,0.99869,3.14,0.57,9.1,white
5.8,0.28,0.66,9.1,0.039,26,159,0.9965,3.66,0.55,10.8,white
8.6,0.725,0.24,6.6,0.117,31,134,1.0014,3.32,1.07,9.3,red
11.6,0.475,0.4,1.4,0.091,6,28,0.99704,3.07,0.65,10.0333333333333,red
6.2,0.56,0.09,1.7,0.053,24,32,0.99402,3.54,0.6,11.3,red
6.8,0.22,0.29,8.9,0.046,82,188,0.9955,3.3,0.44,10.3,white
6.8,0.46,0.26,6.3,0.147,49,159,0.99434,3.14,0.47,10,white
6.9,0.29,0.3,8.2,0.026,35,112,0.99144,3,0.37,12.3,white
8,0.55,0.17,8.2,0.04,13,60,0.9956,3.09,0.3,9.5,white
8.9,0.21,0.37,1.2,0.028,20,93,0.99244,3.2,0.37,11.5,white
7.4,0.44,0.2,11.5,0.049,44,157,0.998,3.27,0.44,9,white
12.7,0.6,0.49,2.8,0.075,5,19,0.9994,3.14,0.57,11.4,red
4.6,0.52,0.15,2.1,0.054,8,65,0.9934,3.9,0.56,13.1,red
5.7,0.255,0.65,1.2,0.079,17,137,0.99307,3.2,0.42,9.4,white
5.2,0.28,0.29,1.1,0.028,18,69,0.99168,3.24,0.54,10,white
9.1,0.37,0.32,2.1,0.064,4,15,0.99576,3.3,0.8,11.2,red
8.2,0.4,0.31,1.9,0.082,8,24,0.996,3.24,0.69,10.6,red
6.2,0.25,0.28,8.5,0.035,28,108,0.99486,3.4,0.42,10.4,white
5.8,0.36,0.5,1,0.127,63,178,0.99212,3.1,0.45,9.7,white
6.6,0.22,0.29,14.4,0.046,39,118,0.99834,3.05,0.5,9.1,white
7.1,0.43,0.42,5.5,0.071,28,128,0.9973,3.42,0.71,10.5,red
7.5,0.51,0.02,1.7,0.084,13,31,0.99538,3.36,0.54,10.5,red
7.3,0.23,0.27,2.6,0.035,39,120,0.99138,3.04,0.59,11.3,white
6.9,0.24,0.4,15.4,0.052,81,198,0.9986,3.2,0.69,9.4,white
8.9,0.62,0.18,3.8,0.176,52,145,0.9986,3.16,0.88,9.2,red
5.3,0.715,0.19,1.5,0.161,7,62,0.99395,3.62,0.61,11,red
6.9,0.44,0.27,5,0.038,33,166,0.99124,3.2,0.42,12.2,white
7.2,0.6,0.04,2.5,0.076,18,88,0.99745,3.53,0.55,9.5,red
6.8,0.11,0.27,8.6,0.044,45,104,0.99454,3.2,0.37,9.9,white
6.9,0.45,0.11,2.4,0.043,6,12,0.99354,3.3,0.65,11.4,red
7.2,0.27,0.28,15.2,0.046,6,41,0.99665,3.17,0.39,10.9,white
7.4,0.49,0.27,2.1,0.071,14,25,0.99388,3.35,0.63,12,red
6.8,0.2,0.59,0.9,0.147,38,132,0.993,3.05,0.38,9.1,white
6.3,0.41,0.33,4.7,0.023,28,110,0.991,3.3,0.38,12.5,white
7.4,0.19,0.3,12.8,0.053,48.5,229,0.9986,3.14,0.49,9.1,white
10,0.31,0.47,2.6,0.085,14,33,0.99965,3.36,0.8,10.5,red
6.8,0.28,0.36,1.6,0.04,25,87,0.9924,3.23,0.66,10.3,white
7,0.62,0.08,1.8,0.076,8,24,0.9978,3.48,0.53,9,red
7.4,0.18,0.27,1.3,0.048,26,105,0.994,3.52,0.66,10.6,white
8.6,0.685,0.1,1.6,0.092,3,12,0.99745,3.31,0.65,9.55,red
7.3,0.59,0.26,2,0.08,17,104,0.99584,3.28,0.52,9.9,red
7.1,0.52,0.03,2.6,0.076,21,92,0.99745,3.5,0.6,9.8,red
9,0.58,0.25,2,0.104,8,21,0.99769,3.27,0.72,9.6,red
6.6,0.28,0.41,7,0.046,59,194,0.99558,3.14,0.48,9.4,white
9.3,0.655,0.26,2,0.096,5,35,0.99738,3.25,0.42,9.6,red
7.2,0.2,0.38,1,0.037,21,74,0.9918,3.21,0.37,11,white
5.4,0.15,0.32,2.5,0.037,10,51,0.98878,3.04,0.58,12.6,white
7.2,0.34,0.23,8.9,0.105,22,155,0.99692,3.01,0.58,9.5,white
6.7,0.21,0.48,14.8,0.05,31,195,0.99942,2.95,0.75,8.8,white
7.2,0.21,0.36,15.7,0.045,68,183,0.99922,3.25,0.76,9.4,white
9.9,0.74,0.28,2.6,0.078,21,77,0.998,3.28,0.51,9.8,red
8.8,0.47,0.49,2.9,0.085,17,110,0.9982,3.29,0.6,9.8,red
8,0.42,0.17,2,0.073,6,18,0.9972,3.29,0.61,9.2,red
8.3,0.625,0.2,1.5,0.08,27,119,0.9972,3.16,1.12,9.1,red
7,0.39,0.24,1,0.048,8,119,0.9923,3,0.31,10.1,white
6.4,0.17,0.32,2.4,0.048,41,200,0.9938,3.5,0.5,9.7,white
11.9,0.39,0.69,2.8,0.095,17,35,0.9994,3.1,0.61,10.8,red
8.3,0.26,0.42,2,0.08,11,27,0.9974,3.21,0.8,9.4,red
7.5,1.115,0.1,3.1,0.086,5,12,0.9958,3.54,0.6,11.2,red
6.7,0.24,0.32,10.3,0.079,37,122,0.99662,3.02,0.45,8.8,white
7.5,0.28,0.34,4.2,0.028,36,116,0.991,2.99,0.41,12.3,white
9.8,0.16,0.46,1.8,0.046,23,130,0.99587,3.04,0.67,9.6,white
10.2,0.44,0.58,4.1,0.092,11,24,0.99745,3.29,0.99,12,red
9.1,0.775,0.22,2.2,0.079,12,48,0.9976,3.18,0.51,9.6,red
8.4,0.37,0.53,1.8,0.413,9,26,0.9979,3.06,1.06,9.1,red
5.4,0.205,0.16,12.55,0.051,31,115,0.99564,3.4,0.38,10.8,white
6,0.2,0.25,2,0.041,30,95,0.99078,3.27,0.56,11.1,white
7.1,0.75,0.01,2.2,0.059,11,18,0.99242,3.39,0.4,12.8,red
7.5,0.32,0.26,1.8,0.042,13,133,0.9938,3.07,0.38,9.5,white
10.2,0.44,0.88,6.2,0.049,20,124,0.9968,2.99,0.51,9.9,white
9,0.785,0.24,1.7,0.078,10,21,0.99692,3.29,0.67,10,red
7.5,0.32,0.24,4.6,0.053,8,134,0.9958,3.14,0.5,9.1,white
6.4,0.22,0.31,13.9,0.04,57,135,0.99672,3.21,0.38,10.7,white
5.1,0.33,0.22,1.6,0.027,18,89,0.9893,3.51,0.38,12.5,white
6.6,0.21,0.5,8.7,0.036,41,191,0.99294,2.96,0.56,11,white
7.8,0.3,0.29,16.85,0.054,23,135,0.9998,3.16,0.38,9,white
6.8,0.51,0.3,4.2,0.066,38,165,0.9945,3.2,0.42,9.1,white
8.4,0.2,0.38,11.8,0.055,51,170,1.0004,3.34,0.82,8.9,white
6.5,0.315,0.2,6.6,0.041,9,126,0.99494,2.94,0.51,8.8,white
5.9,0.28,0.14,8.6,0.032,30,142,0.99542,3.28,0.44,9.5,white
8.2,0.22,0.36,6.8,0.034,12,90,0.9944,3.01,0.38,10.5,white
9.1,0.3,0.34,2,0.064,12,25,0.99516,3.26,0.84,11.7,red
8.3,1.02,0.02,3.4,0.084,6,11,0.99892,3.48,0.49,11,red
7.5,0.21,0.68,10.9,0.045,38,133,0.9978,3,0.36,8.7,white
6.3,0.43,0.32,8.8,0.042,18,106,0.99172,3.28,0.33,12.9,white
11.1,0.18,0.48,1.5,0.068,7,15,0.9973,3.22,0.64,10.1,red
7,0.43,0.3,2,0.085,6,39,0.99346,3.33,0.46,11.9,red
7.4,0.34,0.28,12.1,0.049,31,149,0.99677,3.22,0.49,10.3,white
7.1,0.21,0.3,1.4,0.037,45,143,0.9932,3.13,0.33,9.9,white
7.8,0.52,0.25,1.9,0.081,14,38,0.9984,3.43,0.65,9,red
7.8,0.87,0.26,3.8,0.107,31,67,0.99668,3.26,0.46,9.2,red
8.2,0.2,0.49,3.5,0.057,14,108,0.9928,3.19,0.35,11.5,white
5.7,0.15,0.47,11.4,0.035,49,128,0.99456,3.03,0.34,10.5,white
5.7,0.31,0.28,4.1,0.03,22,86,0.99062,3.31,0.38,11.7,white
7.6,0.52,0.12,3,0.067,12,53,0.9971,3.36,0.57,9.1,red
11.7,0.28,0.47,1.7,0.054,17,32,0.99686,3.15,0.67,10.6,red
7.1,0.26,0.32,14.45,0.074,29,107,0.998,2.96,0.42,9.2,white
7.9,0.65,0.01,2.5,0.078,17,38,0.9963,3.34,0.74,11.7,red
7.2,0.41,0.3,2.1,0.083,35,72,0.997,3.44,0.52,9.4,red
7,0.14,0.49,5.9,0.053,22,118,0.9954,3.36,0.36,9.4,white
6.8,0.12,0.31,5.2,0.045,29,120,0.9942,3.41,0.46,9.8,white
6.4,0.18,0.74,11.9,0.046,54,168,0.9978,3.58,0.68,10.1,white
7.3,0.26,0.36,5.2,0.04,31,141,0.9931,3.16,0.59,11,white
7,0.21,0.34,8.5,0.033,31,253,0.9953,3.22,0.56,10.5,white
6.4,0.27,0.19,1.9,0.085,21,196,0.99516,3.49,0.64,9.5,white
6.6,0.2,0.27,10.9,0.038,29,130,0.99496,3.11,0.44,10.5,white
7.5,0.43,0.3,2.2,0.062,6,12,0.99495,3.44,0.72,11.5,red
10.2,0.29,0.65,2.4,0.075,6,17,0.99565,3.22,0.63,11.8,red
6.2,0.785,0,2.1,0.06,6,13,0.99664,3.59,0.61,10,red
7.8,0.76,0.04,2.3,0.092,15,54,0.997,3.26,0.65,9.8,red
9.9,0.53,0.57,2.4,0.093,30,52,0.9971,3.19,0.76,11.6,red
7,0.15,0.28,14.7,0.051,29,149,0.99792,2.96,0.39,9,white
8.3,0.3,0.49,3.8,0.09,11,24,0.99498,3.27,0.64,12.1,red
6.1,0.705,0.1,2.8,0.081,13,28,0.99631,3.6,0.66,10.2,red
7.3,0.3,0.34,2.7,0.044,34,108,0.99105,3.36,0.53,12.8,white
6,0.28,0.35,1.9,0.037,16,120,0.9933,3.16,0.69,10.6,white
7.1,0.31,0.17,1,0.042,21,144,0.99304,3.13,0.4,9.6,white
6.2,0.27,0.32,6.3,0.048,47,159,0.99282,3.21,0.6,11,white
7.9,0.31,0.32,1.9,0.066,14,36,0.99364,3.41,0.56,12.6,red
6.4,0.24,0.26,8.2,0.054,47,182,0.99538,3.12,0.5,9.5,white
7.2,0.63,0,1.9,0.097,14,38,0.99675,3.37,0.58,9,red
6.7,0.54,0.13,2,0.076,15,36,0.9973,3.61,0.64,9.8,red
15.5,0.645,0.49,4.2,0.095,10,23,1.00315,2.92,0.74,11.1,red
8.7,0.69,0.31,3,0.086,23,81,1.0002,3.48,0.74,11.6,red
7.1,0.43,0.61,11.8,0.045,54,155,0.9974,3.11,0.45,8.7,white
7,0.22,0.26,9.2,0.027,37,122,0.99228,3.06,0.34,12.5,white
8.2,0.33,0.32,2.8,0.067,4,12,0.99473,3.3,0.76,12.8,red
7.5,0.18,0.37,6.2,0.05,21,138,0.99546,3.2,0.55,10.5,white
6.3,0.51,0.13,2.3,0.076,29,40,0.99574,3.42,0.75,11,red
7.9,0.26,0.33,10.3,0.039,73,212,0.9969,2.93,0.49,9.5,white
7.2,0.33,0.33,1.7,0.061,3,13,0.996,3.23,1.1,10,red
7.3,0.33,0.4,6.85,0.038,32,138,0.992,3.03,0.3,11.9,white
6.7,0.38,0.26,9.55,0.036,35,91,0.9919,2.98,0.37,12.4,white
7,0.23,0.4,1.6,0.063,21,67,0.9952,3.5,0.63,11.1,red
13.2,0.46,0.52,2.2,0.071,12,35,1.0006,3.1,0.56,9,red
5.9,0.37,0.3,1.5,0.033,35,95,0.98986,3.36,0.56,12,white
7.9,0.18,0.37,1.2,0.04,16,75,0.992,3.18,0.63,10.8,white
7.6,0.3,0.4,2.2,0.054,29,175,0.99445,3.19,0.53,9.8,white
7.9,0.57,0.31,2,0.079,10,79,0.99677,3.29,0.69,9.5,red
6.1,0.56,0,2.2,0.079,6,9,0.9948,3.59,0.54,11.5,red
6.2,0.27,0.26,12.1,0.046,43,127,0.9951,3.16,0.37,10.8,white
10,0.73,0.43,2.3,0.059,15,31,0.9966,3.15,0.57,11,red
6.2,0.24,0.27,16.8,0.04,48,129,0.99691,3.23,0.38,10.5,white
13,0.47,0.49,4.3,0.085,6,47,1.0021,3.3,0.68,12.7,red
6,0.17,0.29,9.7,0.044,33,98,0.99536,3.12,0.36,9.2,white
6.9,0.51,0.23,2,0.072,13,22,0.99438,3.4,0.84,11.2,red
6.3,0.32,0.17,17.75,0.06,51,190,0.99916,3.13,0.48,8.8,white
7.9,0.34,0.36,1.9,0.065,5,10,0.99419,3.27,0.54,11.2,red
7.5,0.57,0.02,2.6,0.077,11,35,0.99557,3.36,0.62,10.8,red
9.3,0.34,0.49,7.3,0.052,30,146,0.998,3.17,0.61,10.2,white
6.6,0.32,0.47,15.6,0.063,27,173,0.99872,3.18,0.56,9,white
8.3,0.27,0.45,1.3,0.048,8,72,0.9944,3.08,0.61,10.3,white
9.6,0.77,0.12,2.9,0.082,30,74,0.99865,3.3,0.64,10.4,red
7.6,0.9,0.06,2.5,0.079,5,10,0.9967,3.39,0.56,9.8,red
6.7,0.64,0.23,2.1,0.08,11,119,0.99538,3.36,0.7,10.9,red
5.9,0.15,0.31,5.8,0.041,53,155,0.9945,3.52,0.46,10.5,white
9.9,0.44,0.46,2.2,0.091,10,41,0.99638,3.18,0.69,11.9,red
6.2,0.52,0.08,4.4,0.071,11,32,0.99646,3.56,0.63,11.6,red
6.6,0.58,0.02,2.4,0.069,19,40,0.99387,3.38,0.66,12.6,red
10.9,0.32,0.52,1.8,0.132,17,44,0.99734,3.28,0.77,11.5,red
8.3,0.675,0.26,2.1,0.084,11,43,0.9976,3.31,0.53,9.2,red
6.4,0.17,0.34,1.5,0.093,43,136,0.9938,3.25,0.49,9.6,white
10.8,0.29,0.42,1.6,0.084,19,27,0.99545,3.28,0.73,11.9,red
5.6,0.21,0.4,1.3,0.041,81,147,0.9901,3.22,0.95,11.6,white
7.6,0.13,0.34,9.3,0.062,40,126,0.9966,3.21,0.39,9.6,white
12.3,0.27,0.49,3.1,0.079,28,46,0.9993,3.2,0.8,10.2,red
5.7,0.26,0.3,1.8,0.039,30,105,0.98995,3.48,0.52,12.5,white
8.2,0.28,0.6,3,0.104,10,22,0.99828,3.39,0.68,10.6,red
8.3,0.33,0.42,2.3,0.07,9,20,0.99426,3.38,0.77,12.7,red
6.9,0.19,0.6,4,0.037,6,122,0.99255,2.92,0.59,10.4,white
8,0.25,0.43,1.7,0.067,22,50,0.9946,3.38,0.6,11.9,red
7.4,0.55,0.19,1.8,0.082,15,34,0.99655,3.49,0.68,10.5,red
10.9,0.39,0.47,1.8,0.118,6,14,0.9982,3.3,0.75,9.8,red
6.1,0.25,0.28,10,0.055,56,131,0.994,3.22,0.35,10.9,white
8.3,0.36,0.57,15,0.052,35,256,1.0001,2.93,0.64,8.6,white
6,0.39,0.17,12,0.046,65,246,0.9976,3.15,0.38,9,white
8.3,0.56,0.22,2.4,0.082,10,86,0.9983,3.37,0.62,9.5,red
8.2,0.2,0.43,2.5,0.076,31,51,0.99672,3.53,0.81,10.4,red
7.7,0.32,0.61,11.8,0.041,66,188,0.99794,3,0.54,9.3,white
6.8,0.77,0,1.8,0.066,34,52,0.9976,3.62,0.68,9.9,red
6.5,0.33,0.38,2.5,0.047,30,148,0.98964,3.17,0.43,12.7,white
9.3,0.39,0.4,2.6,0.073,10,26,0.9984,3.34,0.75,10.2,red
7.2,0.63,0.03,2.2,0.08,17,88,0.99745,3.53,0.58,9.8,red
10.2,0.4,0.4,2.5,0.068,41,54,0.99754,3.38,0.86,10.5,red
7,0.22,0.3,1.8,0.065,16,20,0.99672,3.61,0.82,10,red
10,0.44,0.49,2.7,0.077,11,19,0.9963,3.23,0.63,11.6,red
7,0.45,0.34,2.7,0.082,16,72,0.998,3.55,0.6,9.5,red
9.3,0.32,0.57,2,0.074,27,65,0.9969,3.28,0.79,10.7,red
7.3,0.19,0.27,13.9,0.057,45,155,0.99807,2.94,0.41,8.8,white
9.3,0.27,0.41,2,0.091,6,16,0.998,3.28,0.7,9.7,red
5.8,0.22,0.29,0.9,0.034,34,89,0.98936,3.14,0.36,11.1,white
8.7,0.54,0.26,2.5,0.097,7,31,0.9976,3.27,0.6,9.3,red
7.3,0.26,0.49,5,0.028,32,107,0.9936,3.24,0.54,10.8,white
7.1,0.37,0.3,6.2,0.04,49,139,0.99021,3.17,0.27,13.6,white
9.6,0.77,0.12,2.9,0.082,30,74,0.99865,3.3,0.64,10.4,red
6.8,0.31,0.3,8,0.028,33,122,0.99164,3.13,0.63,12.6,white
7.2,0.26,0.38,1.5,0.061,12,120,0.99192,3.18,0.46,10.4,white
8.2,0.28,0.6,3,0.104,10,22,0.99828,3.39,0.68,10.6,red
6.6,0.29,0.29,1.8,0.036,38,102,0.98819,3.08,0.42,13.7,white
10.2,0.67,0.39,1.9,0.054,6,17,0.9976,3.17,0.47,10,red
9.4,0.4,0.31,2.2,0.09,13,62,0.9966,3.07,0.63,10.5,red
7.4,0.35,0.24,6,0.042,28,123,0.99304,3.14,0.44,11.3,white
8.7,0.84,0,1.4,0.065,24,33,0.9954,3.27,0.55,9.7,red
7.5,0.27,0.31,5.8,0.057,131,313,0.9946,3.18,0.59,10.5,white
10.6,0.31,0.49,2.2,0.063,18,40,0.9976,3.14,0.51,9.8,red
8.5,0.56,0.74,17.85,0.051,51,243,1.0005,2.99,0.7,9.2,white
6.7,0.24,0.46,2.2,0.033,19,111,0.99045,3.1,0.62,11.9,white
9.9,0.49,0.23,2.4,0.087,19,115,0.9948,2.77,0.44,9.4,white
6.7,0.3,0.35,1.4,0.18,36,160,0.9937,3.11,0.54,9.4,white
6.3,0.22,0.43,4.55,0.038,31,130,0.9918,3.35,0.33,11.5,white
6.1,0.22,0.25,12.1,0.035,54,135,0.99481,3.21,0.4,10.7,white
6.7,0.28,0.34,8.9,0.048,32,111,0.99455,3.25,0.54,11,white
10.2,0.645,0.36,1.8,0.053,5,14,0.9982,3.17,0.42,10,red
6.8,0.61,0.2,1.8,0.077,11,65,0.9971,3.54,0.58,9.3,red
7,0.59,0,1.7,0.052,3,8,0.996,3.41,0.47,10.3,red
8.3,0.28,0.48,2.1,0.093,6,12,0.99408,3.26,0.62,12.4,red
8.1,0.28,0.46,15.4,0.059,32,177,1.0004,3.27,0.58,9,white
6.9,0.24,0.23,7.1,0.041,20,97,0.99246,3.1,0.85,11.4,white
9.7,0.24,0.45,1.2,0.033,11,59,0.9926,2.74,0.47,10.8,white
7.6,0.49,0.26,1.6,0.236,10,88,0.9968,3.11,0.8,9.3,red
7.3,0.33,0.47,2.1,0.077,5,11,0.9958,3.33,0.53,10.3,red
7.2,0.21,0.29,3.1,0.044,39,122,0.99143,3,0.6,11.3,white
6.6,0.815,0.02,2.7,0.072,17,34,0.9955,3.58,0.89,12.3,red
8.2,0.35,0.33,2.4,0.076,11,47,0.99599,3.27,0.81,11,red
5.8,0.13,0.22,12.7,0.058,24,183,0.9956,3.32,0.42,11.7,white
6.8,0.29,0.5,13.3,0.053,48,194,0.9974,3.09,0.45,9.4,white
6.7,0.46,0.24,1.7,0.077,18,34,0.9948,3.39,0.6,10.6,red
6.8,0.915,0.29,4.8,0.07,15,39,0.99577,3.53,0.54,11.1,red
7.9,0.2,0.35,1.7,0.054,7,15,0.99458,3.32,0.8,11.9,red
9.3,0.4,0.49,2.5,0.085,38,142,0.9978,3.22,0.55,9.4,red
6.2,0.345,0.27,10.1,0.056,38,187,0.99486,3.31,0.56,10.6,white
7.8,0.19,0.26,8.9,0.039,42,182,0.996,3.18,0.46,9.9,white
7.2,0.16,0.29,1,0.031,40,123,0.98958,3.12,0.4,12.1,white
6.5,0.17,0.54,8.5,0.082,64,163,0.9959,2.89,0.39,8.8,white
6.6,0.19,0.25,1.2,0.052,34,181,0.99352,3.3,0.42,9.4,white
6.6,0.26,0.27,1.5,0.04,19,114,0.99295,3.36,0.62,10.5,white
5.6,0.615,0,1.6,0.089,16,59,0.9943,3.58,0.52,9.9,red
6.6,0.41,0.27,10.7,0.11,20,103,0.99672,3.08,0.41,9,white
8,0.39,0.3,1.9,0.074,32,84,0.99717,3.39,0.61,9,red
8.3,0.54,0.28,1.9,0.077,11,40,0.9978,3.39,0.61,10,red
6.6,0.39,0.28,9.2,0.036,10,92,0.99206,3.07,0.35,12.1,white
7.2,0.66,0.03,2.3,0.078,16,86,0.99743,3.53,0.57,9.7,red
6.9,0.32,0.26,8.3,0.053,32,180,0.9965,3.25,0.51,9.2,white
6.4,0.4,0.23,1.6,0.066,5,12,0.9958,3.34,0.56,9.2,red
12.9,0.35,0.49,5.8,0.066,5,35,1.0014,3.2,0.66,12,red
9.7,0.69,0.32,2.5,0.088,22,91,0.9979,3.29,0.62,10.1,red
8.4,0.17,0.31,5.4,0.052,47,150,0.9953,3.24,0.38,9.8,white
8.7,0.48,0.3,2.8,0.066,10,28,0.9964,3.33,0.67,11.2,red
12.9,0.5,0.55,2.8,0.072,7,24,1.00012,3.09,0.68,10.9,red
7.8,0.25,0.34,13.7,0.044,66,184,0.99976,3.22,0.75,8.9,white
7.7,0.63,0.08,1.9,0.076,15,27,0.9967,3.32,0.54,9.5,red
11.5,0.3,0.6,2,0.067,12,27,0.9981,3.11,0.97,10.1,red
8.2,0.56,0.23,3.4,0.078,14,104,0.9976,3.28,0.62,9.4,red
7.9,0.885,0.03,1.8,0.058,4,8,0.9972,3.36,0.33,9.1,red
7.2,0.18,0.45,4.4,0.046,57,166,0.9943,3.13,0.62,11.2,white
6.8,0.65,0.02,2.1,0.078,8,15,0.99498,3.35,0.62,10.4,red
6.5,0.2,0.5,18.1,0.054,50,221,0.99941,2.94,0.64,8.8,white
6.2,0.51,0.14,1.9,0.056,15,34,0.99396,3.48,0.57,11.5,red
7.2,0.24,0.19,7.7,0.045,53,176,0.9958,3.17,0.38,9.5,white
6.5,0.17,0.31,1.5,0.041,34,121,0.99092,3.06,0.46,10.5,white
9.9,0.74,0.19,5.8,0.111,33,76,0.99878,3.14,0.55,9.4,red
6.8,0.48,0.08,1.8,0.074,40,64,0.99529,3.12,0.49,9.6,red
7.7,0.665,0,2.4,0.09,8,19,0.9974,3.27,0.73,9.3,red
5.9,0.2,0.28,12.8,0.038,29,132,0.99426,3.31,0.57,11.8,white
6.3,0.57,0.28,2.1,0.048,13,49,0.99374,3.41,0.6,12.8,red
8.5,0.37,0.32,1.8,0.066,26,51,0.99456,3.38,0.72,11.8,red
7,0.69,0,1.9,0.114,3,10,0.99636,3.35,0.6,9.7,red
7.3,0.3,0.42,7.35,0.025,51,175,0.9928,3.04,0.32,11.4,white
7.1,0.12,0.3,3.1,0.018,15,37,0.99004,3.02,0.52,11.9,white
5,1.04,0.24,1.6,0.05,32,96,0.9934,3.74,0.62,11.5,red
12.8,0.84,0.63,2.4,0.088,13,35,0.9997,3.1,0.6,10.4,red
7.3,0.33,0.4,6.85,0.038,32,138,0.992,3.03,0.3,11.9,white
12.2,0.34,0.5,2.4,0.066,10,21,1,3.12,1.18,9.2,red
7.1,0.23,0.3,2.6,0.034,62,148,0.99121,3.03,0.56,11.3,white
8.9,0.32,0.31,2,0.088,12,19,0.9957,3.17,0.55,10.4,red
12.5,0.37,0.55,2.6,0.083,25,68,0.9995,3.15,0.82,10.4,red
8.3,0.65,0.1,2.9,0.089,17,40,0.99803,3.29,0.55,9.5,red
9,0.55,0.3,8.1,0.026,14,71,0.993,2.94,0.36,11.8,white
7,0.62,0.18,1.5,0.062,7,50,0.9951,3.08,0.6,9.3,red
9.5,0.55,0.66,2.3,0.387,12,37,0.9982,3.17,0.67,9.6,red
7.6,0.26,0.32,1.3,0.048,23,76,0.9903,2.96,0.46,12,white
6.6,0.22,0.53,15.1,0.052,22,136,0.9986,2.94,0.35,9.4,white
7.1,0.59,0.01,2.3,0.08,27,43,0.9955,3.42,0.58,10.7,red
6.8,0.67,0.3,13,0.29,22,193,0.9984,3.08,0.67,9,white
12.5,0.28,0.54,2.3,0.082,12,29,0.9997,3.11,1.36,9.8,red
8.6,0.47,0.47,2.4,0.074,7,29,0.9979,3.08,0.46,9.5,red
7.7,0.57,0.21,1.5,0.069,4,9,0.99458,3.16,0.54,9.8,red
6.4,0.17,0.27,9.9,0.047,26,101,0.99596,3.34,0.5,9.9,white
7.2,0.22,0.49,1,0.045,34,140,0.99,3.05,0.34,12.7,white
6.8,0.25,0.28,5,0.035,42,126,0.99048,3.12,0.38,12.6,white
9.6,0.68,0.24,2.2,0.087,5,28,0.9988,3.14,0.6,10.2,red
6.3,0.6,0.44,11,0.05,50,245,0.9972,3.19,0.57,9.3,white
6.4,0.64,0.21,1.8,0.081,14,31,0.99689,3.59,0.66,9.8,red
6.7,0.21,0.49,1.4,0.047,30,114,0.9914,2.92,0.42,10.8,white
6.7,0.41,0.27,2.6,0.033,25,85,0.99086,3.05,0.34,11.7,white
5.8,0.2,0.16,1.4,0.042,44,99,0.98912,3.23,0.37,12.2,white
8.2,0.73,0.21,1.7,0.074,5,13,0.9968,3.2,0.52,9.5,red
8,0.22,0.42,14.6,0.044,45,163,1.0003,3.21,0.69,8.6,white
9.4,0.685,0.11,2.7,0.077,6,31,0.9984,3.19,0.7,10.1,red
10.8,0.45,0.33,2.5,0.099,20,38,0.99818,3.24,0.71,10.8,red
7.5,0.725,0.04,1.5,0.076,8,15,0.99508,3.26,0.53,9.6,red
7.5,0.63,0.27,2,0.083,17,91,0.99616,3.26,0.58,9.8,red
8.8,0.46,0.45,2.6,0.065,7,18,0.9947,3.32,0.79,14,red
6.4,0.57,0.14,3.9,0.07,27,73,0.99669,3.32,0.48,9.2,red
6.6,0.52,0.08,2.4,0.07,13,26,0.99358,3.4,0.72,12.5,red
5.8,0.13,0.26,5.1,0.039,19,103,0.99478,3.36,0.47,9.3,white
7.8,0.43,0.49,13,0.033,37,158,0.9955,3.14,0.35,11.3,white
10.4,0.33,0.63,2.8,0.084,5,22,0.9998,3.26,0.74,11.2,red
11.7,0.45,0.63,2.2,0.073,7,23,0.99974,3.21,0.69,10.9,red
7.3,0.2,0.26,1.6,0.04,36,123,0.99238,3.34,0.44,10.8,white
7.5,0.17,0.37,1.5,0.06,18,75,0.9936,3.54,0.88,10.7,white
7.1,0.33,0.18,6.3,0.094,27,166,0.99474,2.9,0.49,9.5,white
6.1,0.58,0.23,2.5,0.044,16,70,0.99352,3.46,0.65,12.5,red
7,0.32,0.35,1.5,0.039,24,125,0.9918,3.17,0.64,12.2,white
6.3,0.19,0.32,2.8,0.046,18,80,0.99043,2.92,0.47,11.05,white
7.6,0.3,0.27,10.6,0.039,31,119,0.99815,3.27,0.3,9.3,white
8,0.14,0.33,1.2,0.045,71,162,0.9914,3.07,0.47,11,white
7.7,0.965,0.1,2.1,0.112,11,22,0.9963,3.26,0.5,9.5,red
7.3,0.67,0.02,2.2,0.072,31,92,0.99566,3.32,0.68,11.0666666666667,red
8.9,0.3,0.35,4.6,0.032,32,148,0.99458,3.15,0.45,11.5,white
6.7,0.18,0.28,10.2,0.039,29,115,0.99469,3.11,0.45,10.9,white
5.8,0.345,0.15,10.8,0.033,26,120,0.99494,3.25,0.49,10,white
6.7,0.19,0.34,1,0.022,22,94,0.9912,3.23,0.57,11.1,white
7.8,0.7,0.06,1.9,0.079,20,35,0.99628,3.4,0.69,10.9,red
8,0.36,0.43,10.1,0.053,29,146,0.9982,3.4,0.46,9.5,white
7.5,0.38,0.57,2.3,0.106,5,12,0.99605,3.36,0.55,11.4,red
6.4,0.47,0.4,2.4,0.071,8,19,0.9963,3.56,0.73,10.6,red
11.6,0.44,0.64,2.1,0.059,5,15,0.998,3.21,0.67,10.2,red
10.2,0.33,0.46,1.9,0.081,6,9,0.99628,3.1,0.48,10.4,red
6.1,0.64,0.02,2.4,0.069,26,46,0.99358,3.47,0.45,11,red
5.7,0.21,0.24,2.3,0.047,60,189,0.995,3.65,0.72,10.1,white
8.1,0.78,0.1,3.3,0.09,4,13,0.99855,3.36,0.49,9.5,red
8.1,0.2,0.36,9.7,0.044,63,162,0.997,3.1,0.46,10,white
7.2,0.27,0.27,2.4,0.048,30,149,0.9936,3.1,0.51,9.2,white
8.2,0.33,0.39,2.5,0.074,29,48,0.99528,3.32,0.88,12.4,red
6.8,0.41,0.31,8.8,0.084,26,45,0.99824,3.38,0.64,10.1,red
10,0.26,0.54,1.9,0.083,42,74,0.99451,2.98,0.63,11.8,red
7.1,0.46,0.14,2.8,0.076,15,37,0.99624,3.36,0.49,10.7,red
6.7,0.17,0.27,1.4,0.032,39,149,0.99254,3.4,0.52,10.5,white
10.8,0.89,0.3,2.6,0.132,7,60,0.99786,2.99,1.18,10.2,red
9.6,0.54,0.42,2.4,0.081,25,52,0.997,3.2,0.71,11.4,red
8,0.57,0.23,3.2,0.073,17,119,0.99675,3.26,0.57,9.3,red
7.5,0.21,0.32,4.8,0.056,39,113,0.99393,3.11,0.52,10.2,white
7.9,0.32,0.51,1.8,0.341,17,56,0.9969,3.04,1.08,9.2,red
9,0.4,0.43,2.4,0.068,29,46,0.9943,3.2,0.6,12.2,red
7.3,0.735,0,2.2,0.08,18,28,0.99765,3.41,0.6,9.4,red
6.9,0.2,0.41,1.1,0.06,36,104,0.99317,2.99,0.39,9.2,white
7.4,0.59,0.08,4.4,0.086,6,29,0.9974,3.38,0.5,9,red
10.3,0.53,0.48,2.5,0.063,6,25,0.9998,3.12,0.59,9.3,red
12,0.63,0.5,1.4,0.071,6,26,0.99791,3.07,0.6,10.4,red
6,0.27,0.3,14.7,0.044,15,144,0.99666,3.12,0.53,10.3,white
6.4,0.64,0.21,1.8,0.081,14,31,0.99689,3.59,0.66,9.8,red
6.8,0.51,0.01,2.1,0.074,9,25,0.9958,3.33,0.56,9.5,red
6.9,0.48,0.2,1.9,0.082,9,23,0.99585,3.39,0.43,9.05,red
7.4,0.64,0.47,14.15,0.168,42,185,0.9984,2.9,0.49,9.3,white
7.8,0.6,0.14,2.4,0.086,3,15,0.9975,3.42,0.6,10.8,red
6.5,0.41,0.22,4.8,0.052,49,142,0.9946,3.14,0.62,9.2,white
6,0.5,0,1.4,0.057,15,26,0.99448,3.36,0.45,9.5,red
6.3,0.98,0.01,2,0.057,15,33,0.99488,3.6,0.46,11.2,red
6,0.19,0.29,1.1,0.047,67,152,0.9916,3.54,0.59,11.1,white
7,0.21,0.28,8.6,0.045,37,221,0.9954,3.25,0.54,10.4,white
9.9,0.5,0.5,13.8,0.205,48,82,1.00242,3.16,0.75,8.8,red
6.4,0.885,0,2.3,0.166,6,12,0.99551,3.56,0.51,10.8,red
8.9,0.22,0.48,1.8,0.077,29,60,0.9968,3.39,0.53,9.4,red
6.2,0.31,0.26,4.8,0.037,36,148,0.9928,3.21,0.41,10.4,white
6.4,0.24,0.26,8.2,0.054,47,182,0.99538,3.12,0.5,9.5,white
7.3,0.25,0.41,1.8,0.037,52,165,0.9911,3.29,0.39,12.2,white
6.4,0.22,0.49,7.5,0.054,42,151,0.9948,3.27,0.52,10.1,white
6.4,0.795,0,2.2,0.065,28,52,0.99378,3.49,0.52,11.6,red
6,0.26,0.15,1.3,0.06,51,154,0.99354,3.14,0.51,8.7,white
7.2,0.16,0.35,1.2,0.031,27,84,0.9928,3.33,0.34,9.9,white
9.7,0.42,0.46,2.1,0.074,5,16,0.99649,3.27,0.74,12.3,red
7.1,0.18,0.39,14.5,0.051,48,156,0.99947,3.35,0.78,9.1,white
6.5,0.36,0.31,13.55,0.053,20,113,0.99544,3.2,0.56,11,white
8,0.25,0.13,17.2,0.036,49,219,0.9996,2.96,0.46,9.7,white
6.6,0.63,0,4.3,0.093,51,77.5,0.99558,3.2,0.45,9.5,red
7.9,0.22,0.49,3.8,0.042,26,105,0.993,3.1,0.39,10.5,white
6.4,0.36,0.21,2.2,0.047,26,48,0.99661,3.47,0.77,9.7,red
7.8,0.56,0.12,2,0.082,7,28,0.997,3.37,0.5,9.4,red
6.7,0.47,0.34,8.9,0.043,31,172,0.9964,3.22,0.6,9.2,white
6.4,0.41,0.24,14,0.048,24,113,0.9982,3.44,0.53,9.8,white
6.9,0.18,0.38,8.1,0.049,44,176,0.9958,3.3,0.54,9.8,white
7.6,0.56,0.12,10.4,0.096,22,177,0.9983,3.32,0.45,9.1,white
11.9,0.57,0.5,2.6,0.082,6,32,1.0006,3.12,0.78,10.7,red
7.2,0.16,0.26,7.1,0.054,41,224,0.9966,3.38,0.55,10.1,white
7.5,0.33,0.28,4.9,0.042,21,155,0.99385,3.36,0.57,10.9,white
7.7,0.96,0.2,2,0.047,15,60,0.9955,3.36,0.44,10.9,red
8.1,0.575,0.22,2.1,0.077,12,65,0.9967,3.29,0.51,9.2,red
5.8,0.23,0.31,3.5,0.044,35,158,0.98998,3.19,0.37,12.1,white
6.4,0.31,0.39,7.5,0.04,57,213,0.99475,3.32,0.43,10,white
7.6,0.21,0.35,1.2,0.041,7,106,0.9914,3.06,0.45,11.3,white
8.8,0.36,0.44,1.9,0.04,9,121,0.9953,3.19,0.48,9.9,white
7,0.24,0.32,1.3,0.037,39,123,0.992,3.17,0.42,11.2,white
8.9,0.48,0.53,4,0.101,3,10,0.99586,3.21,0.59,12.1,red
7.7,0.25,0.49,2.5,0.047,31,169,0.99252,3.07,0.57,10.6,white
7.1,0.23,0.35,16.5,0.04,60,171,0.999,3.16,0.59,9.1,white
10,0.32,0.59,2.2,0.077,3,15,0.9994,3.2,0.78,9.6,red
7.4,0.27,0.48,1.1,0.047,17,132,0.9914,3.19,0.49,11.6,white
10.1,0.38,0.5,2.4,0.104,6,13,0.99643,3.22,0.65,11.6,red
7.3,0.67,0.26,1.8,0.401,16,51,0.9969,3.16,1.14,9.4,red
5.6,0.66,0,2.5,0.066,7,15,0.99256,3.52,0.58,12.9,red
7.4,0.41,0.66,10.8,0.051,77,194,0.9976,3.05,0.46,8.7,white
7.4,0.155,0.34,2.3,0.045,73.5,214,0.9934,3.18,0.61,9.9,white
9.6,0.68,0.24,2.2,0.087,5,28,0.9988,3.14,0.6,10.2,red
7.2,0.605,0.02,1.9,0.096,10,31,0.995,3.46,0.53,11.8,red
6.9,0.33,0.31,7.7,0.04,29,135,0.99226,3.11,0.57,12.3,white
10.8,0.4,0.41,2.2,0.084,7,17,0.9984,3.08,0.67,9.3,red
7.7,0.965,0.1,2.1,0.112,11,22,0.9963,3.26,0.5,9.5,red
6.8,0.21,0.27,18.15,0.042,41,146,1.0001,3.3,0.36,8.7,white
5,0.33,0.23,11.8,0.03,23,158,0.99322,3.41,0.64,11.8,white
8.2,0.28,0.4,2.4,0.052,4,10,0.99356,3.33,0.7,12.8,red
7.8,0.54,0.26,2,0.088,23,48,0.9981,3.41,0.74,9.2,red
6.3,0.3,0.2,3.7,0.039,34,132,0.99158,3,0.38,10.7,white
7,0.65,0.02,2.1,0.066,8,25,0.9972,3.47,0.67,9.5,red
10.2,0.34,0.48,2.1,0.052,5,9,0.99458,3.2,0.69,12.1,red
6.4,0.17,0.34,1.5,0.091,42,135,0.9938,3.25,0.49,9.6,white
7.7,0.39,0.12,1.7,0.097,19,27,0.99596,3.16,0.49,9.4,red
8.6,0.31,0.3,0.9,0.045,16,109,0.99249,2.95,0.39,10.1,white
6.1,0.16,0.34,6.1,0.034,31,114,0.99365,3.32,0.58,10.15,white
6.4,0.36,0.53,2.2,0.23,19,35,0.9934,3.37,0.93,12.4,red
6.2,0.15,0.49,0.9,0.033,17,51,0.9932,3.3,0.7,9.4,white
7.2,0.21,0.41,1.3,0.036,33,85,0.992,3.17,0.51,10.4,white
9.5,0.46,0.49,6.3,0.064,5,17,0.9988,3.21,0.73,11,red
6.7,0.48,0.02,2.2,0.08,36,111,0.99524,3.1,0.53,9.7,red
7.1,0.26,0.31,2.2,0.044,29,128,0.9937,3.34,0.64,10.9,white
6.2,0.46,0.29,2.1,0.074,32,98,0.99578,3.33,0.62,9.8,red
8.2,0.24,0.34,5.1,0.062,8,22,0.9974,3.22,0.94,10.9,red
6.5,0.115,0.29,1.95,0.038,73,166,0.989,3.12,0.25,12.9,white
6.6,0.27,0.3,1.9,0.025,14,153,0.9928,3.29,0.62,10.5,white
6.9,0.31,0.32,1.2,0.024,20,166,0.99208,3.05,0.54,9.8,white
6.5,0.24,0.19,1.2,0.041,30,111,0.99254,2.99,0.46,9.4,white
7.8,0.62,0.05,2.3,0.079,6,18,0.99735,3.29,0.63,9.3,red
6.2,0.3,0.21,1.1,0.032,31,111,0.9889,2.97,0.42,12.2,white
8,0.6,0.22,2.1,0.08,25,105,0.99613,3.3,0.49,9.9,red
7,0.22,0.26,1.1,0.037,20,71,0.9902,3.1,0.38,11.7,white
8.1,0.545,0.18,1.9,0.08,13,35,0.9972,3.3,0.59,9,red
6.6,0.735,0.02,7.9,0.122,68,124,0.9994,3.47,0.53,9.9,red
6.8,0.18,0.28,1.1,0.027,32,112,0.99089,3.15,0.45,11,white
10.6,0.34,0.49,3.2,0.078,20,78,0.9992,3.19,0.7,10,red
7.5,0.77,0.2,8.1,0.098,30,92,0.99892,3.2,0.58,9.2,red
6.9,0.23,0.34,4,0.047,24,128,0.9944,3.2,0.52,9.7,white
7.2,0.62,0.06,2.7,0.077,15,85,0.99746,3.51,0.54,9.5,red
10.8,0.47,0.43,2.1,0.171,27,66,0.9982,3.17,0.76,10.8,red
9.3,0.38,0.48,3.8,0.132,3,11,0.99577,3.23,0.57,13.2,red
8.3,0.41,0.51,2,0.046,11,207,0.993,3.02,0.55,11.4,white
5.9,0.445,0.26,1.4,0.027,23,109,0.99148,3.3,0.36,10.5,white
10.9,0.37,0.58,4,0.071,17,65,0.99935,3.22,0.78,10.1,red
7.3,0.66,0,2,0.084,6,23,0.9983,3.61,0.96,9.9,red
6.9,0.63,0.02,1.9,0.078,18,30,0.99712,3.4,0.75,9.8,red
6.3,0.33,0.2,17.9,0.066,36,161,0.9991,3.14,0.51,8.8,white
7.4,0.19,0.42,6.4,0.067,39,212,0.9958,3.3,0.33,9.6,white
7.5,0.24,0.49,9.4,0.048,50,149,0.9962,3.17,0.59,10.5,white
8.5,0.15,0.49,1.5,0.031,17,122,0.9932,3.03,0.4,10.3,white
8.6,0.2,0.42,1.5,0.041,35,125,0.9925,3.11,0.49,11.4,white
7.2,0.49,0.18,2.7,0.069,13,34,0.9967,3.29,0.48,9.2,red
8.1,0.22,0.43,1.5,0.044,28,129,0.9938,3.22,0.45,11,white
7.2,0.23,0.39,14.2,0.058,49,192,0.9979,2.98,0.48,9,white
7.1,0.34,0.32,2,0.051,29,130,0.99354,3.3,0.5,10.4,white
6.1,0.715,0.1,2.6,0.053,13,27,0.99362,3.57,0.5,11.9,red
8,0.74,0.21,4,0.05,24,133,0.99418,3.06,0.38,9.7,white
10,0.58,0.22,1.9,0.08,9,32,0.9974,3.13,0.55,9.5,red
6.9,0.24,0.34,4.7,0.04,43,161,0.9935,3.2,0.59,10.6,white
5.9,0.27,0.27,5,0.035,14,97,0.99058,3.1,0.33,11.8,white
6.9,0.63,0.33,6.7,0.235,66,115,0.99787,3.22,0.56,9.5,red
7.5,0.61,0.26,1.9,0.073,24,88,0.99612,3.3,0.53,9.8,red
7.7,0.39,0.12,1.7,0.097,19,27,0.99596,3.16,0.49,9.4,red
8.7,0.52,0.09,2.5,0.091,20,49,0.9976,3.34,0.86,10.6,red
11.8,0.33,0.49,3.4,0.093,54,80,1.0002,3.3,0.76,10.7,red
8,0.58,0.28,3.2,0.066,21,114,0.9973,3.22,0.54,9.4,red
7.6,0.62,0.32,2.2,0.082,7,54,0.9966,3.36,0.52,9.4,red
5.1,0.11,0.32,1.6,0.028,12,90,0.99008,3.57,0.52,12.2,white
7.4,0.36,0.3,1.8,0.074,17,24,0.99419,3.24,0.7,11.4,red
6.8,0.56,0.03,1.7,0.084,18,35,0.9968,3.44,0.63,10,red
7.5,0.38,0.57,2.3,0.106,5,12,0.99605,3.36,0.55,11.4,red
8.3,0.53,0,1.4,0.07,6,14,0.99593,3.25,0.64,10,red
5.5,0.35,0.35,1.1,0.045,14,167,0.992,3.34,0.68,9.9,white
10.5,0.42,0.66,2.95,0.116,12,29,0.997,3.24,0.75,11.7,red
7,0.58,0.12,1.9,0.091,34,124,0.9956,3.44,0.48,10.5,red
7.8,0.445,0.56,1,0.04,8,84,0.9938,3.25,0.43,10.8,white
9.3,0.775,0.27,2.8,0.078,24,56,0.9984,3.31,0.67,10.6,red
9.8,0.66,0.39,3.2,0.083,21,59,0.9989,3.37,0.71,11.5,red
6.3,0.27,0.25,5.8,0.038,52,155,0.995,3.28,0.38,9.4,white
7.1,0.26,0.19,8.2,0.051,53,187,0.996,3.16,0.52,9.7,white
10,0.46,0.44,2.9,0.065,4,8,0.99674,3.33,0.62,12.2,red
6.5,0.48,0.02,0.9,0.043,32,99,0.99226,3.14,0.47,9.8,white
8.5,0.32,0.42,2.3,0.075,12,19,0.99434,3.14,0.71,11.8,red
5.6,0.23,0.29,3.1,0.023,19,89,0.99068,3.25,0.51,11.2,white
7.8,0.645,0,2,0.082,8,16,0.9964,3.38,0.59,9.8,red
7.1,0.17,0.38,7.4,0.052,49,182,0.9958,3.35,0.52,9.6,white
6.6,0.19,0.28,1.1,0.044,38,100,0.9904,3.22,0.69,11.2,white
8.9,0.745,0.18,2.5,0.077,15,48,0.99739,3.2,0.47,9.7,red
6.8,0.26,0.34,13.9,0.034,39,134,0.9949,3.33,0.53,12,white
7.1,0.68,0,2.2,0.073,12,22,0.9969,3.48,0.5,9.3,red
7,0.6,0.3,4.5,0.068,20,110,0.99914,3.3,1.17,10.2,red
10.4,0.24,0.46,1.8,0.075,6,21,0.9976,3.25,1.02,10.8,red
6.6,0.28,0.36,1.7,0.038,22,101,0.9912,3.29,0.57,11.6,white
6.2,0.36,0.45,10.4,0.06,22,184,0.99711,3.31,0.56,9.8,white
7.2,0.58,0.03,2.3,0.077,7,28,0.99568,3.35,0.52,10,red
6.6,0.45,0.43,7.2,0.064,31,186,0.9954,3.12,0.44,9.4,white
9.2,0.43,0.49,2.4,0.086,23,116,0.9976,3.23,0.64,9.5,red
6.7,0.24,0.3,3.85,0.042,105,179,0.99189,3.04,0.59,11.3,white
7.2,0.29,0.4,7.6,0.024,56,177,0.9928,3.04,0.32,11.5,white
8.1,0.34,0.28,7.5,0.04,70,230,0.99558,3.14,0.55,9.8,white
6.5,0.29,0.32,3,0.036,38,93,0.9906,3.16,0.59,12,white
9.6,0.38,0.31,2.5,0.096,16,49,0.9982,3.19,0.7,10,red
7.8,0.4,0.26,9.5,0.059,32,178,0.9955,3.04,0.43,10.9,white
6.8,0.16,0.36,1.3,0.034,32,98,0.99058,3.02,0.58,11.3,white
6.5,0.39,0.81,1.2,0.217,14,74,0.9936,3.08,0.53,9.5,white
6.4,0.25,0.32,5.5,0.049,41,176,0.995,3.19,0.68,9.2,white
7,0.5,0.25,2,0.07,3,22,0.9963,3.25,0.63,9.2,red
10,0.49,0.2,11,0.071,13,50,1.0015,3.16,0.69,9.2,red
7.3,0.155,0.49,1.3,0.039,34,136,0.9926,3.14,0.77,10.5,white
6.9,0.19,0.35,6.9,0.045,51,125,0.9933,3.1,0.44,10.7,white
7,0.55,0.13,2.2,0.075,15,35,0.9959,3.36,0.59,9.7,red
6.8,0.67,0,1.9,0.08,22,39,0.99701,3.4,0.74,9.7,red
6.9,0.115,0.35,5.4,0.048,36,108,0.9939,3.32,0.42,10.2,white
7.4,0.28,0.3,5.3,0.054,44,161,0.9941,3.12,0.48,10.3,white
6.8,0.63,0.04,1.3,0.058,25,133,0.99271,3.17,0.39,10.2,white
9,0.69,0,2.4,0.088,19,38,0.999,3.35,0.6,9.3,red
7.4,0.785,0.19,5.2,0.094,19,98,0.99713,3.16,0.52,9.6,red
7.5,0.41,0.23,14.8,0.054,28,174,0.99898,3.18,0.49,9.7,white
9.7,0.53,0.6,2,0.039,5,19,0.99585,3.3,0.86,12.4,red
7.3,0.25,0.36,2.1,0.034,30,177,0.99085,3.25,0.4,11.9,white
8,0.83,0.27,2,0.08,11,63,0.99652,3.29,0.48,9.8,red
6.9,0.3,0.36,0.9,0.037,40,156,0.98968,3.08,0.36,12.1,white
6.8,0.43,0.3,3.5,0.033,27,135,0.9906,3,0.37,12,white
6.2,0.36,0.24,2.2,0.095,19,42,0.9946,3.57,0.57,11.7,red
5.6,0.255,0.57,10.7,0.056,66,171,0.99464,3.25,0.61,10.4,white
6.7,0.7,0.08,3.75,0.067,8,16,0.99334,3.43,0.52,12.6,red
7.3,0.74,0.08,1.7,0.094,10,45,0.99576,3.24,0.5,9.8,red
7.4,0.55,0.22,2.2,0.106,12,72,0.9959,3.05,0.63,9.2,red
6.9,0.18,0.36,1.3,0.036,40,117,0.9934,3.27,0.95,9.5,white
6.2,0.32,0.12,4.8,0.054,6,97,0.99424,3.16,0.5,9.3,white
7.4,0.4,0.41,14.1,0.053,37,194,0.99886,3.2,0.63,9.4,white
7.7,0.69,0.22,1.9,0.084,18,94,0.9961,3.31,0.48,9.5,red
7.6,0.55,0.21,2.2,0.071,7,28,0.9964,3.28,0.55,9.7,red
6.6,0.725,0.2,7.8,0.073,29,79,0.9977,3.29,0.54,9.2,red
10.2,0.24,0.49,2.4,0.075,10,28,0.9978,3.14,0.61,10.4,red
7.5,0.31,0.41,2.4,0.065,34,60,0.99492,3.34,0.85,11.4,red
5.8,0.15,0.32,1.2,0.037,14,119,0.99137,3.19,0.5,10.2,white
9.6,0.6,0.5,2.3,0.079,28,71,0.9997,3.5,0.57,9.7,red
7.3,0.32,0.23,13.7,0.05,49,197,0.9985,3.2,0.46,8.7,white
7.9,0.51,0.25,2.9,0.077,21,45,0.9974,3.49,0.96,12.1,red
9,0.54,0.49,2.9,0.094,41,110,0.9982,3.08,0.61,9.2,red
8.3,0.2,0.74,4.45,0.044,33,130,0.9924,3.25,0.42,12.2,white
8.6,0.33,0.4,2.6,0.083,16,68,0.99782,3.3,0.48,9.4,red
6.5,0.29,0.31,1.7,0.035,24,79,0.99053,3.27,0.69,11.4,white
7.6,0.46,0.11,2.6,0.079,12,49,0.9968,3.21,0.57,10,red
5.6,0.66,0,2.2,0.087,3,11,0.99378,3.71,0.63,12.8,red
7.1,0.56,0.14,1.6,0.078,7,18,0.99592,3.27,0.62,9.3,red
6.7,0.46,0.24,1.7,0.077,18,34,0.9948,3.39,0.6,10.6,red
6.7,0.28,0.28,2.4,0.012,36,100,0.99064,3.26,0.39,11.7,red
7.2,0.39,0.44,2.6,0.066,22,48,0.99494,3.3,0.84,11.5,red
6.6,0.285,0.49,11.4,0.035,57,137,0.99732,3.08,0.54,8.9,white
9.1,0.3,0.41,2,0.068,10,24,0.99523,3.27,0.85,11.7,red
8.5,0.21,0.26,9.25,0.034,73,142,0.9945,3.05,0.37,11.4,white
7.2,0.24,0.34,1.1,0.045,3,64,0.9913,3.23,0.51,11.4,white
8.2,0.18,0.38,1.1,0.04,41,92,0.99062,2.88,0.6,12,white
7.2,0.29,0.2,7.7,0.046,51,174,0.99582,3.16,0.52,9.5,white
7.3,0.48,0.32,2.1,0.062,31,54,0.99728,3.3,0.65,10,red
